251.000000 124.000000 76.000000
262.000000 112.000000 73.000000
229.000000 185.000000 81.000000
252.000000 144.000000 87.000000
232.000000 175.000000 90.000000
268.000000 144.000000 90.000000
243.000000 141.000000 94.000000
260.000000 150.000000 98.000000
242.000000 156.000000 100.000000
229.000000 149.000000 99.000000
230.000000 167.000000 113.000000
230.000000 192.000000 141.000000
250.000000 235.000000 145.000000
270.000000 217.000000 150.000000
188.000000 156.000000 160.000000
205.000000 202.000000 163.000000
322.000000 155.000000 162.000000
170.000000 208.000000 193.000000
145.000000 170.000000 190.000000
380.000000 107.000000 182.000000
110.000000 104.000000 175.000000
395.000000 138.000000 207.000000
110.000000 157.000000 208.000000
260.000000 245.000000 248.000000
432.000000 85.000000 218.000000
66.000000 101.000000 219.000000
452.000000 58.000000 242.000000
39.000000 51.000000 252.000000
493.000000 12.000000 300.000000
