230.000000 192.000000 141.000000
238.000000 208.000000 132.000000
242.000000 216.000000 145.000000
246.000000 250.000000 159.000000
248.000000 258.000000 167.000000
230.000000 167.000000 113.000000
223.000000 158.000000 95.000000
229.000000 185.000000 81.000000
233.000000 152.000000 110.000000
253.000000 198.000000 145.000000
261.000000 251.000000 157.000000
262.000000 238.000000 148.000000
242.000000 156.000000 100.000000
243.000000 143.000000 108.000000
263.000000 193.000000 122.000000
247.000000 128.000000 84.000000
248.000000 88.000000 72.000000
338.000000 208.000000 198.000000
375.000000 208.000000 230.000000
