248.000000 258.000000 167.000000
246.000000 250.000000 159.000000
262.000000 238.000000 148.000000
260.000000 228.000000 148.000000
249.000000 222.000000 130.000000
285.000000 222.000000 162.000000
238.000000 208.000000 132.000000
270.000000 210.000000 128.000000
292.000000 213.000000 165.000000
258.000000 193.000000 112.000000
248.000000 185.000000 132.000000
106.000000 212.000000 240.000000
338.000000 208.000000 198.000000
250.000000 175.000000 100.000000
270.000000 175.000000 120.000000
223.000000 158.000000 95.000000
268.000000 163.000000 78.000000
229.000000 149.000000 99.000000
243.000000 143.000000 108.000000
395.000000 138.000000 207.000000
58.000000 105.000000 258.000000
