395.000000 138.000000 207.000000
375.000000 208.000000 230.000000
300.000000 198.000000 162.000000
262.000000 120.000000 83.000000
268.000000 144.000000 90.000000
248.000000 88.000000 72.000000
258.000000 133.000000 85.000000
282.000000 192.000000 145.000000
262.000000 168.000000 128.000000
254.000000 166.000000 141.000000
255.000000 155.000000 95.000000
258.000000 168.000000 112.000000
262.000000 185.000000 133.000000
243.000000 141.000000 94.000000
263.000000 193.000000 122.000000
247.000000 27.000000 21.000000
270.000000 210.000000 128.000000
258.000000 193.000000 112.000000
248.000000 185.000000 132.000000
253.000000 198.000000 145.000000
254.000000 238.000000 174.000000
227.000000 223.000000 162.000000
260.000000 245.000000 248.000000
170.000000 208.000000 193.000000
106.000000 212.000000 240.000000
