380.000000 107.000000 182.000000
452.000000 58.000000 242.000000
110.000000 104.000000 175.000000
39.000000 51.000000 252.000000
493.000000 12.000000 300.000000
66.000000 101.000000 219.000000
322.000000 155.000000 162.000000
422.000000 125.000000 222.000000
254.000000 166.000000 141.000000
78.000000 130.000000 212.000000
260.000000 150.000000 98.000000
145.000000 170.000000 190.000000
110.000000 157.000000 208.000000
258.000000 168.000000 112.000000
282.000000 192.000000 145.000000
260.000000 245.000000 248.000000
242.000000 231.000000 152.000000
232.000000 250.000000 230.000000
275.000000 250.000000 230.000000
242.000000 267.000000 218.000000
255.000000 270.000000 225.000000
