248.000000 258.000000 167.000000
246.000000 250.000000 159.000000
233.000000 232.000000 158.000000
106.000000 212.000000 240.000000
250.000000 235.000000 145.000000
262.000000 238.000000 148.000000
245.000000 245.000000 248.000000
230.000000 192.000000 141.000000
238.000000 188.000000 127.000000
270.000000 210.000000 128.000000
258.000000 193.000000 112.000000
230.000000 167.000000 113.000000
250.000000 175.000000 100.000000
223.000000 158.000000 95.000000
258.000000 168.000000 112.000000
233.000000 152.000000 110.000000
229.000000 149.000000 99.000000
247.000000 128.000000 84.000000
