248.000000 258.000000 167.000000
246.000000 250.000000 159.000000
262.000000 238.000000 148.000000
260.000000 228.000000 148.000000
249.000000 222.000000 130.000000
285.000000 222.000000 162.000000
242.000000 216.000000 145.000000
292.000000 213.000000 165.000000
270.000000 210.000000 128.000000
253.000000 198.000000 145.000000
300.000000 198.000000 162.000000
263.000000 193.000000 122.000000
258.000000 193.000000 112.000000
338.000000 208.000000 198.000000
248.000000 185.000000 132.000000
262.000000 185.000000 133.000000
270.000000 175.000000 120.000000
250.000000 175.000000 100.000000
375.000000 208.000000 230.000000
233.000000 170.000000 101.000000
106.000000 212.000000 240.000000
223.000000 158.000000 95.000000
255.000000 155.000000 95.000000
58.000000 105.000000 258.000000
452.000000 78.000000 275.000000
491.000000 16.000000 301.000000
