250 165 99
255 270 199
260 110 69
255 90 59
260 120 89
260 120 84
235 175 89
165 210 194
245 100 64
260 135 84
240 230 154
245 90 54
250 120 74
255 170 139
255 295 204
245 145 94
280 185 139
245 275 214
260 280 209
255 280 204
250 75 49
265 180 119
260 125 74
260 185 129
185 205 174
250 280 209
240 190 124
245 245 159
245 255 174
255 110 79
245 90 89
260 155 99
250 65 59
230 180 99
255 70 44
245 125 84
215 215 159
250 265 229
80 130 204
260 275 214
250 155 114
250 300 199
370 150 189
245 155 99
240 180 119
275 185 54
260 295 204
260 105 79
275 190 59
245 220 144
255 250 204
245 40 29
135 155 184
235 155 109
50 95 264
250 245 164
300 205 164
230 170 99
255 140 104
250 70 49
315 200 179
250 240 174
245 255 164
260 260 194
105 145 204
435 110 244
250 145 89
245 90 69
255 215 154
235 230 159
250 270 209
250 40 29
250 105 69
225 140 99
260 265 199
190 200 179
245 195 119
270 150 104
490 15 299
245 75 44
270 200 134
225 175 89
230 205 79
360 210 214
450 95 274
255 255 194
270 190 59
240 80 54
255 260 169
275 170 89
270 230 149
255 125 79
255 195 109
270 270 224
240 110 74
270 145 74
250 265 199
250 280 219
270 180 54
260 250 164
270 180 64
205 205 164
260 245 159
260 225 134
270 220 154
250 110 64
250 290 204
320 165 164
255 290 199
270 145 84
350 185 194
265 145 99
255 285 204
340 210 194
260 250 154
245 240 159
420 80 184
250 125 94
250 260 184
255 270 219
255 85 54
250 300 194
265 170 89
250 50 39
260 270 229
255 90 69
245 285 209
245 165 124
240 125 79
270 160 89
220 155 99
95 135 204
270 230 159
375 210 234
240 270 224
225 225 159
325 205 184
410 210 254
250 60 39
250 230 144
270 150 69
285 220 164
120 115 179
245 225 134
245 140 109
65 115 224
255 265 209
230 185 84
250 290 199
265 165 79
455 50 229
255 95 64
230 250 234
320 200 174
250 105 79
240 265 219
435 80 224
230 145 99
235 225 149
225 165 109
255 305 189
240 120 74
275 185 109
255 175 109
260 260 199
265 270 219
250 250 184
255 245 249
245 285 204
245 60 44
275 250 224
250 285 199
200 210 169
260 260 174
245 50 34
250 255 189
245 120 89
255 65 49
260 230 144
270 165 99
250 200 139
230 200 89
250 245 249
260 105 64
255 80 59
255 300 189
225 165 74
250 295 204
305 210 169
395 140 209
260 170 109
245 55 39
250 45 29
250 95 69
260 250 189
270 180 59
395 175 229
245 65 39
275 190 64
145 210 209
265 220 139
250 285 214
250 115 69
260 195 119
270 205 129
270 160 64
260 240 144
250 275 204
250 260 199
260 155 109
105 210 244
420 125 214
250 55 34
180 205 184
270 170 64
45 65 259
245 185 129
275 180 54
350 205 209
240 210 129
380 110 189
260 270 204
265 270 214
270 155 74
245 175 109
265 190 139
260 275 199
250 300 189
230 190 109
260 290 209
400 210 249
255 155 89
290 210 164
245 260 204
230 195 134
245 55 44
260 170 129
260 175 119
245 115 79
195 160 154
270 170 84
260 280 219
245 30 19
265 165 104
250 65 44
250 295 194
245 65 49
250 175 94
270 180 84
260 250 179
250 190 109
245 45 29
260 230 154
