106.000000 212.000000 240.000000
205.000000 202.000000 163.000000
232.000000 250.000000 230.000000
246.000000 250.000000 159.000000
248.000000 258.000000 167.000000
230.000000 192.000000 141.000000
242.000000 216.000000 145.000000
248.000000 235.000000 162.000000
250.000000 235.000000 145.000000
249.000000 222.000000 130.000000
262.000000 238.000000 148.000000
230.000000 167.000000 113.000000
223.000000 158.000000 95.000000
233.000000 152.000000 110.000000
262.000000 185.000000 133.000000
243.000000 143.000000 108.000000
292.000000 213.000000 165.000000
247.000000 128.000000 84.000000
248.000000 88.000000 72.000000
338.000000 208.000000 198.000000
253.000000 78.000000 62.000000
375.000000 208.000000 230.000000
395.000000 138.000000 207.000000
