250.000000 245.000000 165.000000
245.000000 245.000000 160.000000
265.000000 230.000000 145.000000
260.000000 225.000000 150.000000
260.000000 175.000000 120.000000
290.000000 215.000000 160.000000
240.000000 185.000000 130.000000
270.000000 205.000000 130.000000
290.000000 210.000000 165.000000
260.000000 185.000000 110.000000
250.000000 170.000000 130.000000
105.000000 210.000000 245.000000
335.000000 205.000000 200.000000
250.000000 165.000000 100.000000
275.000000 170.000000 120.000000
225.000000 150.000000 95.000000
270.000000 160.000000 80.000000
230.000000 145.000000 100.000000
245.000000 140.000000 110.000000
405.000000 130.000000 210.000000
50.000000 95.000000 265.000000
