395.000000 140.000000 210.000000
335.000000 205.000000 200.000000
260.000000 200.000000 145.000000
260.000000 175.000000 120.000000
255.000000 145.000000 90.000000
245.000000 170.000000 125.000000
260.000000 185.000000 130.000000
265.000000 210.000000 125.000000
245.000000 225.000000 150.000000
260.000000 195.000000 120.000000
255.000000 195.000000 110.000000
245.000000 185.000000 130.000000
240.000000 140.000000 105.000000
245.000000 90.000000 70.000000
260.000000 255.000000 175.000000
230.000000 170.000000 100.000000
225.000000 165.000000 110.000000
225.000000 150.000000 95.000000
225.000000 225.000000 160.000000
205.000000 205.000000 165.000000
165.000000 210.000000 195.000000
145.000000 210.000000 210.000000
100.000000 210.000000 240.000000
