395.000000 138.000000 207.000000
338.000000 208.000000 198.000000
282.000000 192.000000 145.000000
270.000000 175.000000 120.000000
268.000000 144.000000 90.000000
262.000000 168.000000 128.000000
262.000000 185.000000 133.000000
270.000000 210.000000 128.000000
270.000000 217.000000 150.000000
263.000000 193.000000 122.000000
258.000000 193.000000 112.000000
248.000000 185.000000 132.000000
243.000000 143.000000 108.000000
248.000000 88.000000 72.000000
262.000000 258.000000 173.000000
233.000000 170.000000 101.000000
230.000000 167.000000 113.000000
229.000000 149.000000 99.000000
227.000000 223.000000 162.000000
205.000000 202.000000 163.000000
170.000000 208.000000 193.000000
145.000000 207.000000 210.000000
106.000000 212.000000 240.000000
