188.000000 277.000000 45.000000
277.000000 282.000000 45.000000
300.000000 242.000000 45.000000
305.000000 195.000000 42.000000
170.000000 165.000000 42.000000
350.000000 272.000000 51.000000
330.000000 315.000000 55.000000
332.000000 325.000000 53.000000
292.000000 140.000000 50.000000
142.000000 172.000000 63.000000
125.000000 233.000000 75.000000
348.000000 249.000000 67.000000
338.000000 313.000000 63.000000
292.000000 142.000000 62.000000
315.000000 347.000000 63.000000
374.000000 209.000000 41.000000
330.000000 248.000000 85.000000
308.000000 358.000000 63.000000
311.000000 340.000000 79.000000
338.000000 368.000000 48.000000
208.000000 124.000000 82.000000
190.000000 131.000000 86.000000
171.000000 140.000000 92.000000
298.000000 158.000000 120.000000
228.000000 125.000000 118.000000
152.000000 332.000000 135.000000
142.000000 295.000000 143.000000
22.000000 218.000000 50.000000
212.000000 127.000000 138.000000
188.000000 132.000000 140.000000
155.000000 312.000000 165.000000
292.000000 352.000000 160.000000
265.000000 267.000000 185.000000
263.000000 17.000000 52.000000
232.000000 15.000000 54.000000
250.000000 128.000000 170.000000
200.000000 218.000000 198.000000
217.000000 237.000000 212.000000
243.000000 251.000000 214.000000
268.000000 145.000000 192.000000
187.000000 143.000000 192.000000
238.000000 170.000000 205.000000
242.000000 198.000000 212.000000
247.000000 127.000000 190.000000
193.000000 151.000000 200.000000
218.000000 148.000000 202.000000
223.000000 362.000000 204.000000
193.000000 342.000000 210.000000
248.000000 358.000000 208.000000
205.000000 313.000000 220.000000
255.000000 148.000000 210.000000
