140.000000 245.000000 146.000000
142.000000 270.000000 150.000000
147.000000 205.000000 148.000000
165.000000 263.000000 172.000000
125.000000 287.000000 77.000000
160.000000 335.000000 158.000000
154.000000 171.000000 137.000000
165.000000 165.000000 168.000000
178.000000 348.000000 185.000000
67.000000 92.000000 52.000000
175.000000 353.000000 167.000000
200.000000 270.000000 202.000000
192.000000 180.000000 192.000000
195.000000 320.000000 200.000000
187.000000 350.000000 195.000000
202.000000 305.000000 212.000000
158.000000 155.000000 95.000000
169.000000 146.000000 124.000000
215.000000 252.000000 218.000000
185.000000 365.000000 158.000000
154.000000 154.000000 66.000000
182.000000 368.000000 120.000000
228.000000 215.000000 200.000000
95.000000 62.000000 50.000000
232.000000 278.000000 201.000000
195.000000 130.000000 116.000000
238.000000 380.000000 128.000000
275.000000 362.000000 162.000000
265.000000 372.000000 128.000000
251.000000 388.000000 54.000000
252.000000 118.000000 47.000000
220.000000 462.000000 29.000000
312.000000 180.000000 90.000000
322.000000 200.000000 75.000000
305.000000 378.000000 48.000000
337.000000 283.000000 68.000000
348.000000 237.000000 67.000000
