28.000000 305.000000 45.000000
48.000000 320.000000 48.000000
132.000000 303.000000 85.000000
126.000000 256.000000 98.000000
118.000000 253.000000 56.000000
155.000000 348.000000 88.000000
142.000000 270.000000 150.000000
168.000000 352.000000 138.000000
136.000000 225.000000 134.000000
178.000000 348.000000 185.000000
185.000000 365.000000 158.000000
165.000000 263.000000 172.000000
190.000000 375.000000 72.000000
123.000000 193.000000 52.000000
195.000000 370.000000 148.000000
187.000000 350.000000 195.000000
198.000000 377.000000 95.000000
137.000000 193.000000 82.000000
200.000000 372.000000 128.000000
193.000000 387.000000 55.000000
185.000000 280.000000 180.000000
190.000000 300.000000 188.000000
210.000000 375.000000 142.000000
188.000000 277.000000 45.000000
145.000000 175.000000 83.000000
185.000000 238.000000 178.000000
214.000000 370.000000 182.000000
207.000000 348.000000 216.000000
198.000000 260.000000 188.000000
205.000000 313.000000 220.000000
200.000000 270.000000 202.000000
225.000000 370.000000 170.000000
187.000000 213.000000 180.000000
223.000000 362.000000 204.000000
206.000000 281.000000 220.000000
67.000000 92.000000 52.000000
200.000000 240.000000 202.000000
154.000000 154.000000 66.000000
165.000000 165.000000 168.000000
180.000000 188.000000 181.000000
218.000000 270.000000 212.000000
232.000000 305.000000 200.000000
217.000000 237.000000 212.000000
192.000000 180.000000 192.000000
220.000000 485.000000 15.000000
262.000000 372.000000 142.000000
265.000000 372.000000 128.000000
250.000000 445.000000 42.000000
269.000000 378.000000 87.000000
228.000000 215.000000 200.000000
265.000000 362.000000 202.000000
187.000000 143.000000 192.000000
95.000000 62.000000 50.000000
193.000000 151.000000 200.000000
204.000000 165.000000 211.000000
242.000000 235.000000 219.000000
278.000000 358.000000 188.000000
283.000000 333.000000 190.000000
218.000000 148.000000 202.000000
238.000000 170.000000 205.000000
225.000000 125.000000 102.000000
133.000000 46.000000 51.000000
170.000000 65.000000 49.000000
272.000000 180.000000 185.000000
232.000000 111.000000 48.000000
247.000000 127.000000 190.000000
330.000000 315.000000 55.000000
245.000000 100.000000 45.000000
337.000000 283.000000 68.000000
302.000000 158.000000 78.000000
292.000000 142.000000 62.000000
338.000000 238.000000 68.000000
312.000000 162.000000 48.000000
348.000000 237.000000 67.000000
331.000000 186.000000 50.000000
348.000000 222.000000 68.000000
368.000000 430.000000 42.000000
389.000000 406.000000 41.000000
