185.000000 30.000000 54.000000
235.000000 125.000000 180.000000
260.000000 132.000000 180.000000
238.000000 125.000000 150.000000
200.000000 138.000000 199.000000
218.000000 57.000000 53.000000
310.000000 42.000000 48.000000
256.000000 130.000000 122.000000
170.000000 65.000000 49.000000
335.000000 42.000000 48.000000
225.000000 125.000000 102.000000
260.000000 85.000000 48.000000
284.000000 158.000000 170.000000
202.000000 94.000000 48.000000
245.000000 100.000000 45.000000
288.000000 95.000000 48.000000
232.000000 111.000000 48.000000
204.000000 122.000000 62.000000
132.000000 85.000000 47.000000
354.000000 86.000000 45.000000
279.000000 122.000000 46.000000
223.000000 195.000000 197.000000
301.000000 175.000000 145.000000
85.000000 82.000000 50.000000
170.000000 138.000000 62.000000
308.000000 122.000000 45.000000
152.000000 139.000000 48.000000
393.000000 93.000000 43.000000
310.000000 145.000000 45.000000
312.000000 197.000000 137.000000
145.000000 175.000000 83.000000
140.000000 195.000000 114.000000
365.000000 133.000000 42.000000
112.000000 150.000000 45.000000
69.000000 126.000000 48.000000
128.000000 160.000000 45.000000
185.000000 238.000000 178.000000
322.000000 209.000000 99.000000
331.000000 186.000000 50.000000
370.000000 168.000000 43.000000
90.000000 172.000000 45.000000
330.000000 220.000000 80.000000
218.000000 270.000000 212.000000
310.000000 254.000000 155.000000
108.000000 215.000000 48.000000
73.000000 202.000000 48.000000
22.000000 183.000000 52.000000
232.000000 305.000000 200.000000
43.000000 215.000000 48.000000
328.000000 280.000000 95.000000
320.000000 301.000000 131.000000
390.000000 242.000000 40.000000
90.000000 264.000000 48.000000
240.000000 295.000000 45.000000
322.000000 315.000000 105.000000
72.000000 292.000000 48.000000
147.000000 338.000000 100.000000
139.000000 330.000000 70.000000
235.000000 378.000000 150.000000
28.000000 305.000000 45.000000
248.000000 385.000000 72.000000
230.000000 388.000000 67.000000
215.000000 388.000000 57.000000
48.000000 368.000000 42.000000
260.000000 409.000000 48.000000
365.000000 390.000000 42.000000
222.000000 411.000000 46.000000
389.000000 406.000000 41.000000
188.000000 438.000000 38.000000
368.000000 430.000000 42.000000
220.000000 485.000000 15.000000
