265 365 184
255 380 104
255 145 209
155 155 59
160 350 89
195 365 179
115 330 49
130 300 79
190 130 119
120 280 54
260 160 204
150 330 134
210 140 204
80 260 44
170 140 59
440 315 34
300 160 124
120 250 69
75 330 44
270 370 154
340 290 64
275 285 44
185 140 179
205 185 214
345 260 54
305 305 174
340 315 64
340 290 54
210 280 219
140 335 69
280 130 39
140 465 24
135 190 79
190 185 189
445 280 29
260 220 184
295 20 49
245 45 49
125 230 74
200 220 199
310 315 159
250 220 214
360 395 39
255 125 64
330 315 49
170 265 174
285 380 49
335 465 34
200 305 209
125 300 69
310 360 49
330 300 64
260 305 214
330 145 49
230 135 194
330 270 94
155 155 44
205 390 49
320 175 44
330 305 49
60 240 49
230 115 44
215 330 214
140 325 89
275 375 104
290 140 44
215 250 219
210 455 29
335 200 54
125 195 54
50 300 49
265 50 54
345 280 54
315 160 59
135 275 134
110 350 49
255 65 49
305 345 114
220 145 199
320 255 129
340 305 49
65 205 49
200 275 199
240 180 209
125 220 49
125 230 89
270 135 99
320 340 64
295 405 44
340 285 64
215 375 139
240 240 219
250 130 154
350 225 69
120 270 69
325 235 109
240 120 44
55 320 44
210 255 224
250 390 49
240 370 179
150 170 84
280 125 44
230 220 194
190 130 144
210 370 184
185 375 69
265 365 199
175 370 54
250 385 74
120 250 54
205 385 64
250 370 169
220 125 164
250 130 174
205 145 209
250 275 219
160 325 164
440 200 34
275 350 204
290 170 169
290 240 169
260 280 199
135 225 129
65 130 44
335 210 59
275 140 39
125 280 104
330 170 49
155 160 94
120 290 59
280 135 59
110 90 49
180 285 179
250 185 214
205 380 94
160 215 44
85 160 44
340 260 49
135 380 49
300 340 159
170 135 44
150 345 69
255 85 49
240 125 144
100 60 49
190 130 89
245 125 89
130 120 44
145 335 94
400 100 44
175 370 79
240 195 214
215 210 214
175 390 49
220 380 114
330 215 74
155 195 164
125 310 69
230 125 124
260 120 54
130 40 49
210 485 14
25 325 44
165 475 19
265 370 139
300 175 154
15 215 49
110 305 49
265 240 179
260 125 39
330 300 79
255 375 154
170 140 94
270 375 89
315 350 49
280 465 29
250 130 124
290 355 129
260 325 214
340 270 64
315 255 149
350 275 49
325 160 54
240 120 59
180 365 124
265 130 89
195 370 129
275 140 164
200 255 189
290 370 49
230 380 84
135 185 49
360 330 39
340 305 64
130 325 54
300 150 59
260 245 184
240 170 209
15 285 44
30 345 39
300 380 44
125 255 104
285 140 94
375 210 44
270 110 44
345 415 44
230 300 194
305 480 29
120 280 69
295 140 59
130 185 59
125 300 54
325 340 49
120 220 64
310 395 49
140 315 124
280 70 49
290 370 64
270 485 19
155 315 169
220 370 164
280 280 179
360 245 39
345 295 49
315 115 44
190 140 189
260 125 74
250 360 209
165 170 169
350 250 49
280 360 159
350 230 59
285 350 194
200 195 199
335 165 44
225 150 189
315 345 64
220 115 49
150 265 159
140 175 64
160 355 74
190 125 44
205 220 219
130 90 44
135 185 64
205 265 219
275 200 174
205 85 44
205 160 209
250 160 214
310 360 64
225 195 194
360 450 39
225 230 189
280 310 184
315 90 49
240 145 204
70 85 49
230 125 99
105 120 44
355 130 39
45 165 44
85 295 44
50 210 49
125 310 59
240 100 44
275 135 69
175 145 174
260 120 59
170 350 164
390 320 39
125 300 64
70 415 39
340 225 59
125 210 69
380 405 44
390 360 44
105 225 49
380 245 44
315 205 134
170 140 119
335 195 49
205 315 224
205 360 204
175 145 149
330 155 49
185 350 189
255 120 39
445 220 39
200 245 199
355 255 54
340 220 49
410 225 34
285 95 49
150 285 164
340 325 49
210 125 144
280 360 139
160 100 44
350 80 44
80 75 49
180 350 179
220 115 59
130 155 44
260 115 44
30 255 44
250 120 44
285 355 169
15 230 54
410 395 39
320 320 109
315 160 49
155 175 139
70 380 44
295 60 44
225 250 194
400 140 44
105 290 49
185 325 189
15 270 44
320 325 69
245 380 124
195 130 174
165 350 139
20 205 49
250 130 189
210 125 194
45 270 44
270 125 59
115 455 29
240 380 144
345 250 69
30 345 44
315 180 84
190 280 44
230 295 44
140 235 144
210 125 184
215 390 54
320 195 79
185 380 59
230 385 49
295 360 84
410 395 44
230 290 189
215 300 219
110 155 44
205 130 164
175 70 49
340 230 64
140 200 114
360 425 39
255 130 179
150 295 159
235 320 194
175 405 49
175 155 39
250 375 139
160 140 49
145 335 79
340 45 49
125 290 74
145 415 44
245 210 219
310 180 114
320 200 94
250 375 159
260 130 144
345 260 64
305 215 159
305 230 44
335 220 64
195 295 189
255 125 79
165 365 64
160 330 159
295 280 169
305 185 39
270 185 184
240 135 199
205 195 214
155 230 164
305 45 49
305 160 79
175 370 94
280 375 44
285 330 189
340 335 59
85 430 39
220 160 199
315 305 154
350 235 64
315 435 39
340 215 64
165 340 169
375 285 39
80 230 49
105 380 49
175 375 64
305 335 129
285 130 49
205 125 84
355 230 49
315 415 49
185 130 59
285 20 54
265 415 44
235 125 174
285 130 44
330 170 54
130 210 89
295 165 39
355 240 59
260 370 169
225 125 79
235 15 54
15 250 49
305 150 44
230 390 64
290 355 154
340 230 49
200 120 59
280 380 64
250 490 19
210 240 219
345 315 49
225 365 204
245 370 189
350 240 49
335 370 49
270 385 54
280 190 174
190 245 179
225 60 54
300 365 59
295 335 174
265 145 194
230 405 49
195 315 194
175 165 179
340 390 49
240 250 214
425 295 34
445 240 39
210 350 214
265 270 184
160 350 114
320 175 64
295 195 164
270 370 129
180 410 44
255 185 199
365 365 39
195 385 59
125 415 44
340 240 64
200 370 154
130 310 54
120 230 54
145 350 69
225 255 189
275 360 189
190 345 209
235 340 199
220 270 204
295 150 84
275 140 139
15 230 49
190 220 179
145 205 139
240 80 49
415 260 39
195 140 199
405 365 39
330 190 49
225 180 189
330 325 54
165 360 104
270 35 49
320 225 129
340 240 49
255 205 189
315 225 149
215 240 214
270 365 194
330 200 64
145 350 54
260 350 214
140 265 144
260 15 49
175 180 179
195 435 39
360 175 44
445 255 34
55 365 44
95 415 39
180 40 54
200 295 199
185 260 174
140 295 144
265 380 64
235 360 204
150 255 164
245 440 39
285 150 164
195 150 204
310 340 84
20 190 49
445 265 34
35 305 44
330 245 79
255 140 199
345 225 49
170 375 69
200 285 189
190 365 164
280 220 169
335 420 39
320 305 129
235 280 199
