215.000000 252.000000 218.000000
218.000000 270.000000 212.000000
205.000000 313.000000 220.000000
242.000000 198.000000 212.000000
232.000000 278.000000 201.000000
200.000000 240.000000 202.000000
228.000000 215.000000 200.000000
249.000000 182.000000 216.000000
232.000000 305.000000 200.000000
265.000000 267.000000 185.000000
238.000000 170.000000 205.000000
236.000000 325.000000 198.000000
260.000000 200.000000 190.000000
193.000000 342.000000 210.000000
190.000000 300.000000 188.000000
227.000000 178.000000 193.000000
192.000000 180.000000 192.000000
204.000000 148.000000 211.000000
225.000000 160.000000 198.000000
274.000000 346.000000 205.000000
248.000000 358.000000 208.000000
218.000000 148.000000 202.000000
272.000000 180.000000 185.000000
223.000000 362.000000 204.000000
193.000000 151.000000 200.000000
283.000000 333.000000 190.000000
165.000000 263.000000 172.000000
187.000000 350.000000 195.000000
229.000000 138.000000 197.000000
300.000000 280.000000 169.000000
268.000000 145.000000 192.000000
178.000000 162.000000 183.000000
178.000000 348.000000 185.000000
165.000000 325.000000 172.000000
292.000000 178.000000 170.000000
155.000000 312.000000 165.000000
305.000000 210.000000 158.000000
150.000000 300.000000 160.000000
165.000000 165.000000 168.000000
147.000000 205.000000 148.000000
292.000000 352.000000 160.000000
185.000000 365.000000 158.000000
301.000000 175.000000 145.000000
312.000000 197.000000 137.000000
136.000000 225.000000 134.000000
238.000000 125.000000 150.000000
152.000000 332.000000 135.000000
169.000000 146.000000 124.000000
308.000000 175.000000 110.000000
322.000000 315.000000 105.000000
322.000000 209.000000 99.000000
280.000000 370.000000 103.000000
312.000000 180.000000 90.000000
330.000000 248.000000 85.000000
132.000000 303.000000 85.000000
328.000000 303.000000 85.000000
330.000000 220.000000 80.000000
145.000000 175.000000 83.000000
125.000000 287.000000 77.000000
322.000000 200.000000 75.000000
125.000000 233.000000 75.000000
322.000000 322.000000 72.000000
348.000000 222.000000 68.000000
248.000000 385.000000 72.000000
154.000000 154.000000 66.000000
142.000000 172.000000 63.000000
70.000000 382.000000 47.000000
