317.000000 298.000000 157.000000
300.000000 280.000000 169.000000
348.000000 222.000000 68.000000
342.000000 305.000000 52.000000
308.000000 175.000000 110.000000
322.000000 322.000000 72.000000
274.000000 346.000000 205.000000
275.000000 142.000000 170.000000
280.000000 144.000000 135.000000
265.000000 362.000000 202.000000
295.000000 152.000000 90.000000
242.000000 235.000000 219.000000
288.000000 142.000000 100.000000
265.000000 132.000000 150.000000
280.000000 370.000000 103.000000
236.000000 325.000000 198.000000
272.000000 138.000000 105.000000
365.000000 445.000000 40.000000
227.000000 178.000000 193.000000
278.000000 137.000000 75.000000
225.000000 160.000000 198.000000
229.000000 138.000000 197.000000
342.000000 462.000000 38.000000
302.000000 65.000000 48.000000
187.000000 213.000000 180.000000
230.000000 124.000000 78.000000
200.000000 372.000000 128.000000
178.000000 162.000000 183.000000
275.000000 40.000000 52.000000
280.000000 458.000000 32.000000
157.000000 228.000000 165.000000
240.000000 38.000000 52.000000
122.000000 266.000000 72.000000
118.000000 253.000000 56.000000
173.000000 473.000000 22.000000
145.000000 458.000000 28.000000
103.000000 415.000000 40.000000
