135.000000 220.000000 70.000000
95.000000 275.000000 78.000000
60.000000 205.000000 70.000000
152.000000 270.000000 70.000000
105.000000 210.000000 78.000000
115.000000 212.000000 78.000000
133.000000 178.000000 70.000000
90.000000 206.000000 85.000000
170.000000 265.000000 75.000000
20.000000 270.000000 77.000000
167.000000 230.000000 78.000000
165.000000 270.000000 80.000000
94.000000 330.000000 78.000000
100.000000 192.000000 85.000000
68.000000 198.000000 85.000000
90.000000 175.000000 78.000000
21.000000 215.000000 76.000000
167.000000 215.000000 77.000000
43.000000 110.000000 15.000000
32.000000 310.000000 80.000000
164.000000 185.000000 76.000000
65.000000 164.000000 79.000000
22.000000 317.000000 77.000000
27.000000 175.000000 75.000000
32.000000 192.000000 85.000000
152.000000 345.000000 76.000000
38.000000 149.000000 76.000000
83.000000 130.000000 75.000000
160.000000 149.000000 76.000000
59.000000 136.000000 78.000000
128.000000 139.000000 81.000000
165.000000 360.000000 77.000000
25.000000 135.000000 78.000000
32.000000 125.000000 75.000000
162.000000 127.000000 78.000000
96.000000 106.000000 76.000000
20.000000 123.000000 77.000000
60.000000 95.000000 70.000000
50.000000 112.000000 85.000000
125.000000 85.000000 78.000000
85.000000 75.000000 70.000000
106.000000 71.000000 70.000000
56.000000 429.000000 77.000000
103.000000 75.000000 85.000000
80.000000 71.000000 84.000000
108.000000 442.000000 85.000000
127.000000 53.000000 77.000000
70.000000 450.000000 85.000000
72.000000 45.000000 78.000000
98.000000 36.000000 77.000000
55.000000 458.000000 88.000000
90.000000 461.000000 91.000000
80.000000 479.000000 101.000000
