66.000000 468.000000 95.000000
132.000000 455.000000 88.000000
95.000000 445.000000 80.000000
52.000000 445.000000 82.000000
90.000000 427.000000 70.000000
117.000000 420.000000 78.000000
102.000000 402.000000 76.000000
80.000000 395.000000 76.000000
126.000000 378.000000 38.000000
146.000000 378.000000 67.000000
103.000000 372.000000 75.000000
67.000000 360.000000 80.000000
40.000000 345.000000 75.000000
123.000000 303.000000 80.000000
60.000000 301.000000 78.000000
37.000000 272.000000 78.000000
57.000000 258.000000 76.000000
162.000000 255.000000 78.000000
100.000000 240.000000 70.000000
82.000000 240.000000 81.000000
168.000000 245.000000 77.000000
38.000000 242.000000 80.000000
149.000000 239.000000 74.000000
118.000000 230.000000 70.000000
55.000000 223.000000 79.000000
80.000000 220.000000 70.000000
92.000000 205.000000 70.000000
150.000000 200.000000 78.000000
111.000000 192.000000 70.000000
48.000000 178.000000 75.000000
158.000000 170.000000 80.000000
115.000000 162.000000 78.000000
139.000000 126.000000 62.000000
58.000000 118.000000 35.000000
45.000000 113.000000 66.000000
78.000000 108.000000 38.000000
