105.000000 205.000000 85.000000
20.000000 270.000000 80.000000
170.000000 230.000000 80.000000
15.000000 215.000000 80.000000
170.000000 215.000000 80.000000
40.000000 110.000000 15.000000
170.000000 185.000000 80.000000
25.000000 170.000000 80.000000
130.000000 140.000000 85.000000
30.000000 125.000000 80.000000
20.000000 120.000000 75.000000
60.000000 80.000000 85.000000
55.000000 435.000000 80.000000
130.000000 55.000000 80.000000
70.000000 455.000000 85.000000
100.000000 30.000000 80.000000
55.000000 465.000000 90.000000
80.000000 480.000000 105.000000
