110.000000 20.000000 75.000000
105.000000 190.000000 85.000000
55.000000 140.000000 70.000000
140.000000 110.000000 65.000000
95.000000 400.000000 70.000000
55.000000 225.000000 85.000000
45.000000 85.000000 35.000000
80.000000 110.000000 35.000000
45.000000 95.000000 20.000000
95.000000 175.000000 85.000000
25.000000 105.000000 75.000000
125.000000 170.000000 85.000000
45.000000 245.000000 85.000000
35.000000 200.000000 85.000000
130.000000 225.000000 70.000000
150.000000 275.000000 85.000000
65.000000 200.000000 85.000000
85.000000 215.000000 85.000000
15.000000 230.000000 75.000000
65.000000 310.000000 85.000000
105.000000 470.000000 90.000000
50.000000 445.000000 85.000000
105.000000 455.000000 85.000000
95.000000 490.000000 105.000000
