108.000000 18.000000 78.000000
106.000000 71.000000 70.000000
125.000000 85.000000 78.000000
45.000000 85.000000 38.000000
135.000000 92.000000 52.000000
142.000000 92.000000 65.000000
60.000000 95.000000 70.000000
48.000000 92.000000 22.000000
78.000000 108.000000 38.000000
105.000000 130.000000 80.000000
32.000000 125.000000 75.000000
59.000000 136.000000 78.000000
128.000000 139.000000 81.000000
160.000000 149.000000 76.000000
115.000000 162.000000 78.000000
90.000000 175.000000 78.000000
111.000000 192.000000 70.000000
100.000000 192.000000 85.000000
68.000000 198.000000 85.000000
150.000000 200.000000 78.000000
60.000000 205.000000 70.000000
115.000000 212.000000 78.000000
80.000000 220.000000 70.000000
135.000000 220.000000 70.000000
100.000000 240.000000 70.000000
82.000000 240.000000 81.000000
60.000000 301.000000 78.000000
38.000000 357.000000 53.000000
138.000000 372.000000 62.000000
38.000000 402.000000 38.000000
