37.000000 417.000000 78.000000
52.000000 445.000000 82.000000
55.000000 458.000000 88.000000
56.000000 429.000000 77.000000
66.000000 468.000000 95.000000
70.000000 450.000000 85.000000
40.000000 345.000000 75.000000
22.000000 317.000000 77.000000
32.000000 310.000000 80.000000
90.000000 427.000000 70.000000
20.000000 270.000000 77.000000
102.000000 402.000000 76.000000
103.000000 372.000000 75.000000
57.000000 258.000000 76.000000
82.000000 240.000000 81.000000
152.000000 345.000000 76.000000
32.000000 192.000000 85.000000
27.000000 175.000000 75.000000
125.000000 265.000000 78.000000
152.000000 270.000000 70.000000
105.000000 210.000000 78.000000
115.000000 212.000000 78.000000
25.000000 135.000000 78.000000
20.000000 123.000000 77.000000
167.000000 230.000000 78.000000
45.000000 113.000000 66.000000
150.000000 200.000000 78.000000
115.000000 162.000000 78.000000
50.000000 112.000000 85.000000
83.000000 130.000000 75.000000
96.000000 106.000000 76.000000
110.000000 115.000000 38.000000
139.000000 126.000000 62.000000
162.000000 127.000000 78.000000
125.000000 85.000000 78.000000
98.000000 36.000000 77.000000
127.000000 53.000000 77.000000
