105.000000 15.000000 75.000000
65.000000 135.000000 85.000000
135.000000 110.000000 65.000000
15.000000 185.000000 75.000000
160.000000 105.000000 80.000000
35.000000 125.000000 70.000000
80.000000 110.000000 35.000000
45.000000 85.000000 35.000000
140.000000 260.000000 85.000000
85.000000 240.000000 85.000000
120.000000 225.000000 70.000000
40.000000 275.000000 85.000000
20.000000 135.000000 80.000000
105.000000 200.000000 70.000000
65.000000 310.000000 85.000000
15.000000 185.000000 75.000000
125.000000 365.000000 80.000000
85.000000 470.000000 90.000000
135.000000 380.000000 60.000000
55.000000 465.000000 90.000000
