160.000000 99.000000 78.000000
148.000000 62.000000 78.000000
143.000000 53.000000 77.000000
162.000000 127.000000 78.000000
159.000000 110.000000 18.000000
142.000000 92.000000 65.000000
148.000000 112.000000 32.000000
160.000000 149.000000 76.000000
127.000000 53.000000 77.000000
139.000000 126.000000 62.000000
164.000000 185.000000 76.000000
106.000000 71.000000 70.000000
105.000000 130.000000 80.000000
96.000000 106.000000 76.000000
83.000000 130.000000 75.000000
149.000000 239.000000 74.000000
162.000000 255.000000 78.000000
170.000000 265.000000 75.000000
115.000000 212.000000 78.000000
165.000000 270.000000 80.000000
48.000000 58.000000 77.000000
59.000000 136.000000 78.000000
68.000000 198.000000 85.000000
26.000000 99.000000 77.000000
82.000000 240.000000 81.000000
25.000000 135.000000 78.000000
55.000000 223.000000 79.000000
38.000000 242.000000 80.000000
60.000000 301.000000 78.000000
138.000000 372.000000 62.000000
103.000000 372.000000 75.000000
32.000000 310.000000 80.000000
77.000000 378.000000 39.000000
102.000000 402.000000 76.000000
80.000000 395.000000 76.000000
30.000000 380.000000 77.000000
108.000000 442.000000 85.000000
35.000000 395.000000 77.000000
90.000000 461.000000 91.000000
108.000000 475.000000 101.000000
