85 240 84
60 355 84
130 370 49
105 240 69
145 95 19
130 90 39
160 370 59
35 100 59
130 375 59
95 210 69
15 185 79
55 125 19
155 395 24
75 25 79
30 360 49
50 370 59
30 110 49
20 245 79
50 360 19
105 190 84
30 125 79
30 365 59
130 210 84
50 90 49
130 125 39
75 75 84
80 15 79
130 90 29
150 135 29
65 30 74
55 445 79
35 370 39
105 205 84
140 90 44
115 190 69
150 400 34
145 375 64
30 355 44
125 265 84
45 80 74
55 100 19
160 95 74
160 255 74
130 130 24
50 125 19
30 300 79
55 355 24
30 100 44
15 165 79
80 445 79
140 135 34
50 380 44
150 85 39
155 370 49
95 380 49
155 390 49
40 100 59
155 365 19
55 400 49
50 130 54
150 370 14
155 375 44
35 300 69
40 355 24
40 390 59
55 380 49
55 390 39
50 375 14
110 385 39
110 20 74
105 445 89
50 110 39
140 90 49
130 175 84
135 100 39
20 285 74
30 395 34
135 120 44
155 370 44
40 275 84
130 55 79
135 375 49
95 115 39
30 130 34
95 110 44
155 375 54
40 345 79
55 115 29
160 95 54
15 245 74
30 355 24
135 110 29
35 385 44
130 100 19
85 225 69
60 110 39
155 380 44
140 445 79
35 135 29
40 45 74
55 105 44
135 110 39
150 365 59
140 175 69
55 100 69
105 475 104
30 100 39
30 395 24
35 370 29
45 400 39
95 460 94
20 245 74
140 355 49
165 365 74
35 155 69
130 360 49
140 390 59
140 390 19
120 30 79
170 165 79
135 465 89
55 120 44
30 115 49
125 110 34
160 185 79
130 395 34
130 255 69
30 110 54
160 300 74
145 135 39
75 115 44
160 400 39
55 390 49
155 90 44
45 85 34
95 15 74
150 380 34
90 370 39
140 400 49
95 210 84
145 55 74
95 120 39
160 110 14
55 390 19
55 370 14
40 110 14
30 120 19
130 365 19
40 120 14
50 400 24
150 380 14
140 215 69
150 200 84
85 190 69
30 365 29
55 390 59
140 85 39
150 120 59
135 390 39
30 125 19
40 355 29
60 110 84
135 360 59
55 115 19
110 110 34
160 110 59
50 375 29
170 165 74
30 120 59
50 355 24
160 385 59
130 385 59
50 135 39
35 110 64
140 365 14
160 360 54
160 130 34
160 385 19
130 105 24
35 75 74
55 370 44
130 400 29
70 15 74
140 100 14
55 390 29
150 355 49
150 110 39
130 390 19
105 430 69
55 355 39
150 105 39
95 385 39
140 100 59
130 375 14
45 110 64
55 120 59
75 40 79
130 390 54
150 130 24
30 90 39
30 380 19
125 355 69
30 380 24
50 380 34
140 400 24
20 120 74
30 385 29
100 380 69
35 100 39
130 135 49
150 135 39
160 395 39
35 360 79
130 130 34
140 135 24
165 285 79
30 375 59
55 255 84
110 110 44
50 95 54
135 375 44
80 120 34
170 230 79
35 380 34
140 90 29
130 90 24
160 390 49
115 165 84
145 410 79
130 140 84
95 425 79
155 115 49
55 360 29
70 455 84
130 120 19
155 375 24
55 100 49
160 125 74
150 120 14
20 325 74
30 115 14
40 90 49
150 100 14
55 375 14
55 435 74
145 420 79
155 105 34
100 75 84
120 20 74
165 245 74
130 380 49
155 365 49
30 90 34
55 130 19
155 365 39
90 105 34
40 420 79
130 400 49
45 60 74
130 390 24
55 370 19
30 400 29
30 380 79
130 90 49
65 135 84
155 380 29
110 405 79
100 65 69
130 375 24
40 375 14
20 200 74
135 120 29
155 375 59
55 115 49
105 225 84
35 110 49
150 375 39
150 400 49
45 380 14
30 110 19
55 120 29
150 390 59
130 135 39
30 105 29
150 90 54
130 100 29
130 100 59
60 380 39
30 380 49
130 120 59
30 130 29
50 395 54
50 385 14
30 95 39
30 95 49
35 85 34
30 390 19
120 225 84
155 110 29
140 370 59
160 90 49
20 255 74
35 120 34
160 360 49
155 385 39
160 375 19
160 380 59
145 385 39
95 40 79
135 365 14
55 110 59
160 120 59
55 225 84
115 190 84
145 135 29
40 400 29
140 395 54
55 210 69
50 115 39
50 355 29
120 90 84
150 110 14
50 100 59
50 95 19
50 370 39
55 90 29
120 310 69
40 375 64
160 95 29
40 360 19
110 115 34
25 170 79
80 430 79
40 360 54
165 325 79
140 125 59
55 130 54
20 350 74
140 355 54
145 350 39
25 215 79
150 320 69
50 130 19
80 480 104
150 90 29
150 135 49
140 385 14
150 370 39
130 105 49
55 90 39
30 370 14
20 270 79
35 240 84
135 370 29
120 465 89
30 135 39
100 15 74
50 120 14
110 25 79
40 395 19
160 125 54
140 95 59
150 360 19
55 125 39
45 375 39
55 105 14
60 455 89
150 435 74
155 100 39
150 75 74
25 95 79
25 365 79
150 110 29
60 170 84
80 130 69
145 130 54
130 355 49
135 355 29
20 150 74
140 135 39
150 350 39
55 370 24
160 120 24
25 345 79
80 45 69
105 275 84
130 435 79
80 110 34
160 395 49
55 360 44
30 130 19
85 85 69
150 240 69
35 105 39
40 380 79
135 400 29
55 400 29
150 370 34
40 405 39
170 200 74
135 370 34
170 270 79
105 470 89
30 90 44
55 95 34
65 310 84
150 100 59
130 245 84
140 115 14
20 230 79
155 395 54
55 395 19
40 365 59
50 385 59
55 360 19
130 355 39
160 400 44
155 385 49
55 360 34
30 370 49
95 110 49
30 395 74
50 385 39
65 200 84
135 380 29
90 380 34
55 100 39
130 115 39
50 135 29
130 380 54
150 355 54
140 135 29
135 90 29
55 125 29
120 225 69
40 90 24
55 365 39
95 425 69
145 115 84
35 105 14
160 135 39
145 345 79
30 120 29
55 380 24
140 225 84
55 355 49
40 350 39
140 125 19
115 245 84
130 125 54
115 215 84
145 355 49
130 110 19
40 125 59
140 350 39
40 410 74
30 375 64
160 100 24
120 420 79
90 105 39
130 130 44
165 150 74
110 375 39
45 185 69
30 385 59
55 130 49
45 105 39
140 360 19
125 380 34
130 110 59
30 110 59
95 445 74
40 135 39
55 100 29
130 360 39
30 95 19
50 360 59
160 365 24
130 135 29
135 365 39
155 385 34
150 355 29
135 100 34
160 170 74
45 350 34
35 380 29
95 175 84
130 400 39
160 360 34
140 135 49
130 395 24
95 320 84
35 110 29
155 120 39
65 465 94
35 90 54
160 130 44
30 185 84
50 385 44
160 130 29
55 130 29
170 200 79
55 120 34
130 360 24
140 400 39
20 135 79
130 120 14
45 130 24
35 120 39
140 260 84
90 110 39
45 355 54
95 105 69
155 395 74
40 130 19
130 155 69
160 380 79
150 360 79
55 365 19
35 125 14
95 20 79
150 390 14
50 115 29
140 375 14
55 95 19
55 90 49
30 395 49
145 110 64
130 390 49
50 135 49
125 365 79
45 355 44
45 400 29
30 130 49
130 385 14
75 380 39
95 380 34
150 60 79
150 275 84
170 215 74
135 385 14
35 105 44
130 115 49
30 355 39
40 400 49
45 410 79
50 400 39
50 110 44
40 135 49
110 130 84
130 100 49
150 275 69
145 380 39
155 370 29
105 455 84
135 455 89
135 90 49
95 490 104
155 390 29
50 350 39
35 135 39
160 100 19
130 125 29
55 380 29
155 385 44
170 285 74
130 40 79
60 40 79
170 260 74
155 120 14
155 215 84
30 110 24
120 200 84
30 390 59
80 405 79
105 170 84
