22.000000 317.000000 77.000000
27.000000 175.000000 75.000000
32.000000 310.000000 80.000000
38.000000 242.000000 80.000000
32.000000 192.000000 85.000000
25.000000 135.000000 78.000000
20.000000 123.000000 77.000000
40.000000 345.000000 75.000000
38.000000 149.000000 76.000000
55.000000 223.000000 79.000000
60.000000 205.000000 70.000000
65.000000 164.000000 79.000000
37.000000 417.000000 78.000000
82.000000 240.000000 81.000000
94.000000 330.000000 78.000000
83.000000 130.000000 75.000000
105.000000 210.000000 78.000000
80.000000 395.000000 76.000000
118.000000 230.000000 70.000000
55.000000 458.000000 88.000000
103.000000 372.000000 75.000000
105.000000 130.000000 80.000000
70.000000 450.000000 85.000000
85.000000 75.000000 70.000000
102.000000 402.000000 76.000000
128.000000 139.000000 81.000000
90.000000 461.000000 91.000000
150.000000 200.000000 78.000000
138.000000 372.000000 62.000000
130.000000 109.000000 64.000000
139.000000 126.000000 62.000000
152.000000 345.000000 76.000000
167.000000 230.000000 78.000000
164.000000 185.000000 76.000000
97.000000 485.000000 104.000000
160.000000 149.000000 76.000000
146.000000 405.000000 78.000000
148.000000 62.000000 78.000000
