63.000000 27.000000 77.000000
72.000000 45.000000 78.000000
26.000000 99.000000 77.000000
45.000000 85.000000 38.000000
60.000000 95.000000 70.000000
32.000000 125.000000 75.000000
50.000000 112.000000 85.000000
25.000000 135.000000 78.000000
127.000000 53.000000 77.000000
96.000000 106.000000 76.000000
83.000000 130.000000 75.000000
148.000000 62.000000 78.000000
130.000000 109.000000 64.000000
139.000000 126.000000 62.000000
128.000000 139.000000 81.000000
115.000000 162.000000 78.000000
158.000000 170.000000 80.000000
57.000000 258.000000 76.000000
123.000000 303.000000 80.000000
103.000000 372.000000 75.000000
110.000000 382.000000 38.000000
138.000000 372.000000 62.000000
148.000000 378.000000 32.000000
