20.000000 123.000000 77.000000
25.000000 135.000000 78.000000
27.000000 175.000000 75.000000
32.000000 125.000000 75.000000
32.000000 92.000000 53.000000
32.000000 192.000000 85.000000
32.000000 76.000000 77.000000
48.000000 178.000000 75.000000
46.000000 82.000000 80.000000
60.000000 95.000000 70.000000
65.000000 164.000000 79.000000
55.000000 223.000000 79.000000
22.000000 317.000000 77.000000
57.000000 258.000000 76.000000
83.000000 130.000000 75.000000
63.000000 27.000000 77.000000
72.000000 45.000000 78.000000
80.000000 220.000000 70.000000
96.000000 106.000000 76.000000
40.000000 345.000000 75.000000
98.000000 36.000000 77.000000
115.000000 162.000000 78.000000
30.000000 380.000000 77.000000
118.000000 230.000000 70.000000
139.000000 126.000000 62.000000
143.000000 53.000000 77.000000
150.000000 200.000000 78.000000
37.000000 417.000000 78.000000
149.000000 239.000000 74.000000
103.000000 372.000000 75.000000
102.000000 402.000000 76.000000
55.000000 458.000000 88.000000
152.000000 345.000000 76.000000
138.000000 372.000000 62.000000
90.000000 461.000000 91.000000
146.000000 405.000000 78.000000
80.000000 479.000000 101.000000
