148.000000 62.000000 78.000000
127.000000 53.000000 77.000000
108.000000 18.000000 78.000000
160.000000 99.000000 78.000000
142.000000 92.000000 65.000000
98.000000 36.000000 77.000000
96.000000 106.000000 76.000000
105.000000 130.000000 80.000000
78.000000 108.000000 38.000000
46.000000 82.000000 80.000000
59.000000 136.000000 78.000000
26.000000 99.000000 77.000000
90.000000 175.000000 78.000000
65.000000 164.000000 79.000000
38.000000 149.000000 76.000000
168.000000 245.000000 77.000000
48.000000 178.000000 75.000000
55.000000 223.000000 79.000000
95.000000 275.000000 78.000000
38.000000 242.000000 80.000000
165.000000 360.000000 77.000000
32.000000 310.000000 80.000000
138.000000 372.000000 62.000000
103.000000 372.000000 75.000000
67.000000 360.000000 80.000000
77.000000 378.000000 39.000000
80.000000 395.000000 76.000000
35.000000 395.000000 77.000000
108.000000 475.000000 101.000000
97.000000 485.000000 104.000000
