165.000000 270.000000 80.000000
167.000000 230.000000 78.000000
32.000000 192.000000 85.000000
167.000000 215.000000 77.000000
65.000000 164.000000 79.000000
152.000000 345.000000 76.000000
128.000000 139.000000 81.000000
38.000000 149.000000 76.000000
59.000000 136.000000 78.000000
165.000000 360.000000 77.000000
25.000000 135.000000 78.000000
162.000000 127.000000 78.000000
138.000000 108.000000 85.000000
96.000000 106.000000 76.000000
20.000000 123.000000 77.000000
130.000000 109.000000 64.000000
146.000000 405.000000 78.000000
37.000000 417.000000 78.000000
46.000000 82.000000 80.000000
95.000000 430.000000 80.000000
55.000000 378.000000 32.000000
80.000000 71.000000 84.000000
56.000000 429.000000 77.000000
48.000000 58.000000 77.000000
108.000000 475.000000 101.000000
98.000000 36.000000 77.000000
63.000000 27.000000 77.000000
