165.000000 360.000000 77.000000
170.000000 265.000000 75.000000
168.000000 245.000000 77.000000
138.000000 372.000000 62.000000
162.000000 255.000000 78.000000
152.000000 270.000000 70.000000
125.000000 265.000000 78.000000
164.000000 185.000000 76.000000
108.000000 442.000000 85.000000
94.000000 330.000000 78.000000
158.000000 170.000000 80.000000
118.000000 230.000000 70.000000
95.000000 275.000000 78.000000
80.000000 395.000000 76.000000
133.000000 178.000000 70.000000
162.000000 127.000000 78.000000
139.000000 126.000000 62.000000
128.000000 139.000000 81.000000
160.000000 99.000000 78.000000
57.000000 258.000000 76.000000
40.000000 345.000000 75.000000
32.000000 310.000000 80.000000
37.000000 272.000000 78.000000
65.000000 164.000000 79.000000
83.000000 130.000000 75.000000
48.000000 178.000000 75.000000
106.000000 71.000000 70.000000
26.000000 99.000000 77.000000
48.000000 58.000000 77.000000
41.000000 46.000000 76.000000
