108.000000 475.000000 101.000000
165.000000 360.000000 77.000000
108.000000 442.000000 85.000000
97.000000 485.000000 104.000000
95.000000 445.000000 80.000000
152.000000 345.000000 76.000000
95.000000 430.000000 80.000000
102.000000 402.000000 76.000000
80.000000 433.000000 80.000000
70.000000 450.000000 85.000000
80.000000 395.000000 76.000000
165.000000 270.000000 80.000000
94.000000 330.000000 78.000000
152.000000 270.000000 70.000000
35.000000 395.000000 77.000000
38.000000 360.000000 78.000000
60.000000 301.000000 78.000000
32.000000 310.000000 80.000000
82.000000 240.000000 81.000000
37.000000 272.000000 78.000000
133.000000 178.000000 70.000000
38.000000 242.000000 80.000000
160.000000 149.000000 76.000000
60.000000 205.000000 70.000000
162.000000 127.000000 78.000000
139.000000 126.000000 62.000000
65.000000 164.000000 79.000000
96.000000 106.000000 76.000000
78.000000 108.000000 38.000000
25.000000 135.000000 78.000000
46.000000 82.000000 80.000000
72.000000 45.000000 78.000000
