22.000000 317.000000 77.000000
32.000000 192.000000 85.000000
60.000000 205.000000 70.000000
25.000000 135.000000 78.000000
30.000000 380.000000 77.000000
95.000000 275.000000 78.000000
59.000000 136.000000 78.000000
35.000000 395.000000 77.000000
50.000000 112.000000 85.000000
94.000000 330.000000 78.000000
125.000000 265.000000 78.000000
135.000000 220.000000 70.000000
105.000000 130.000000 80.000000
96.000000 106.000000 76.000000
152.000000 270.000000 70.000000
110.000000 115.000000 38.000000
85.000000 75.000000 70.000000
95.000000 430.000000 80.000000
170.000000 265.000000 75.000000
138.000000 108.000000 85.000000
108.000000 442.000000 85.000000
90.000000 461.000000 91.000000
165.000000 360.000000 77.000000
162.000000 127.000000 78.000000
