63.000000 27.000000 77.000000
72.000000 45.000000 78.000000
45.000000 85.000000 38.000000
85.000000 75.000000 70.000000
60.000000 95.000000 70.000000
125.000000 85.000000 78.000000
18.000000 148.000000 77.000000
110.000000 115.000000 38.000000
142.000000 92.000000 65.000000
130.000000 109.000000 64.000000
105.000000 130.000000 80.000000
65.000000 164.000000 79.000000
48.000000 178.000000 75.000000
128.000000 139.000000 81.000000
115.000000 162.000000 78.000000
158.000000 170.000000 80.000000
115.000000 212.000000 78.000000
164.000000 185.000000 76.000000
135.000000 220.000000 70.000000
57.000000 258.000000 76.000000
37.000000 272.000000 78.000000
60.000000 301.000000 78.000000
40.000000 345.000000 75.000000
38.000000 357.000000 53.000000
