108.000000 18.000000 78.000000
127.000000 53.000000 77.000000
142.000000 92.000000 65.000000
106.000000 71.000000 70.000000
160.000000 99.000000 78.000000
85.000000 75.000000 70.000000
78.000000 108.000000 38.000000
45.000000 85.000000 38.000000
158.000000 170.000000 80.000000
115.000000 162.000000 78.000000
133.000000 178.000000 70.000000
90.000000 175.000000 78.000000
25.000000 135.000000 78.000000
111.000000 192.000000 70.000000
105.000000 210.000000 78.000000
27.000000 175.000000 75.000000
149.000000 239.000000 74.000000
123.000000 303.000000 80.000000
138.000000 372.000000 62.000000
55.000000 458.000000 88.000000
