170.000000 265.000000 75.000000
152.000000 270.000000 70.000000
165.000000 360.000000 77.000000
152.000000 345.000000 76.000000
132.000000 177.000000 85.000000
115.000000 212.000000 78.000000
162.000000 127.000000 78.000000
95.000000 275.000000 78.000000
90.000000 206.000000 85.000000
160.000000 99.000000 78.000000
142.000000 92.000000 65.000000
125.000000 85.000000 78.000000
83.000000 130.000000 75.000000
106.000000 71.000000 70.000000
32.000000 310.000000 80.000000
108.000000 442.000000 85.000000
38.000000 360.000000 78.000000
50.000000 112.000000 85.000000
80.000000 71.000000 84.000000
72.000000 45.000000 78.000000
26.000000 99.000000 77.000000
48.000000 58.000000 77.000000
