37.000000 417.000000 78.000000
37.000000 272.000000 78.000000
56.000000 429.000000 77.000000
52.000000 445.000000 82.000000
21.000000 215.000000 76.000000
38.000000 242.000000 80.000000
55.000000 458.000000 88.000000
80.000000 433.000000 80.000000
32.000000 192.000000 85.000000
90.000000 427.000000 70.000000
94.000000 330.000000 78.000000
90.000000 461.000000 91.000000
95.000000 275.000000 78.000000
25.000000 135.000000 78.000000
123.000000 303.000000 80.000000
138.000000 372.000000 62.000000
125.000000 265.000000 78.000000
105.000000 210.000000 78.000000
59.000000 136.000000 78.000000
90.000000 175.000000 78.000000
50.000000 112.000000 85.000000
152.000000 345.000000 76.000000
83.000000 130.000000 75.000000
115.000000 162.000000 78.000000
96.000000 106.000000 76.000000
167.000000 230.000000 78.000000
110.000000 115.000000 38.000000
164.000000 185.000000 76.000000
139.000000 126.000000 62.000000
130.000000 109.000000 64.000000
160.000000 149.000000 76.000000
106.000000 71.000000 70.000000
125.000000 85.000000 78.000000
127.000000 53.000000 77.000000
148.000000 62.000000 78.000000
143.000000 53.000000 77.000000
