108.000000 475.000000 101.000000
97.000000 485.000000 104.000000
146.000000 405.000000 78.000000
80.000000 479.000000 101.000000
90.000000 427.000000 70.000000
103.000000 372.000000 75.000000
80.000000 395.000000 76.000000
56.000000 429.000000 77.000000
35.000000 395.000000 77.000000
165.000000 270.000000 80.000000
152.000000 270.000000 70.000000
168.000000 245.000000 77.000000
60.000000 301.000000 78.000000
149.000000 239.000000 74.000000
167.000000 230.000000 78.000000
100.000000 240.000000 70.000000
37.000000 272.000000 78.000000
20.000000 270.000000 77.000000
105.000000 210.000000 78.000000
38.000000 242.000000 80.000000
55.000000 223.000000 79.000000
132.000000 177.000000 85.000000
90.000000 175.000000 78.000000
65.000000 164.000000 79.000000
139.000000 126.000000 62.000000
38.000000 149.000000 76.000000
78.000000 108.000000 38.000000
45.000000 113.000000 66.000000
26.000000 99.000000 77.000000
46.000000 82.000000 80.000000
98.000000 36.000000 77.000000
