146.000000 405.000000 78.000000
165.000000 360.000000 77.000000
152.000000 345.000000 76.000000
108.000000 475.000000 101.000000
102.000000 402.000000 76.000000
103.000000 372.000000 75.000000
165.000000 270.000000 80.000000
170.000000 265.000000 75.000000
152.000000 270.000000 70.000000
123.000000 303.000000 80.000000
162.000000 255.000000 78.000000
82.000000 240.000000 81.000000
32.000000 310.000000 80.000000
105.000000 210.000000 78.000000
57.000000 258.000000 76.000000
37.000000 272.000000 78.000000
55.000000 223.000000 79.000000
38.000000 242.000000 80.000000
162.000000 127.000000 78.000000
139.000000 126.000000 62.000000
160.000000 99.000000 78.000000
21.000000 215.000000 76.000000
65.000000 164.000000 79.000000
110.000000 115.000000 38.000000
83.000000 130.000000 75.000000
59.000000 136.000000 78.000000
96.000000 106.000000 76.000000
78.000000 108.000000 38.000000
106.000000 71.000000 70.000000
46.000000 82.000000 80.000000
72.000000 45.000000 78.000000
