105.000000 210.000000 78.000000
20.000000 270.000000 77.000000
167.000000 230.000000 78.000000
21.000000 215.000000 76.000000
167.000000 215.000000 77.000000
43.000000 110.000000 15.000000
164.000000 185.000000 76.000000
27.000000 175.000000 75.000000
128.000000 139.000000 81.000000
32.000000 125.000000 75.000000
20.000000 123.000000 77.000000
60.000000 95.000000 70.000000
56.000000 429.000000 77.000000
127.000000 53.000000 77.000000
70.000000 450.000000 85.000000
98.000000 36.000000 77.000000
55.000000 458.000000 88.000000
80.000000 479.000000 101.000000
