209.000000 137.000000 34.000000
200.000000 91.000000 30.000000
187.000000 125.000000 85.000000
182.000000 98.000000 55.000000
205.000000 198.000000 32.000000
172.000000 102.000000 99.000000
211.000000 229.000000 27.000000
164.000000 74.000000 31.000000
159.000000 79.000000 58.000000
160.000000 132.000000 110.000000
156.000000 80.000000 95.000000
175.000000 207.000000 101.000000
156.000000 181.000000 122.000000
146.000000 127.000000 127.000000
157.000000 22.000000 31.000000
146.000000 157.000000 126.000000
199.000000 269.000000 23.000000
180.000000 249.000000 29.000000
128.000000 76.000000 65.000000
122.000000 78.000000 103.000000
122.000000 213.000000 120.000000
94.000000 88.000000 31.000000
87.000000 148.000000 91.000000
97.000000 28.000000 31.000000
74.000000 169.000000 44.000000
68.000000 144.000000 35.000000
