147.000000 27.000000 30.000000
198.000000 90.000000 30.000000
87.000000 210.000000 39.000000
75.000000 153.000000 51.000000
108.000000 120.000000 105.000000
117.000000 159.000000 111.000000
114.000000 84.000000 24.000000
120.000000 222.000000 93.000000
138.000000 81.000000 117.000000
153.000000 228.000000 63.000000
144.000000 108.000000 126.000000
120.000000 177.000000 120.000000
144.000000 126.000000 129.000000
177.000000 162.000000 102.000000
177.000000 210.000000 90.000000
129.000000 180.000000 132.000000
150.000000 177.000000 27.000000
198.000000 210.000000 30.000000
171.000000 213.000000 102.000000
84.000000 153.000000 90.000000
192.000000 285.000000 18.000000
150.000000 216.000000 126.000000
234.000000 252.000000 24.000000
159.000000 228.000000 48.000000
72.000000 168.000000 42.000000
105.000000 225.000000 42.000000
57.000000 249.000000 24.000000
