105.000000 86.000000 78.000000
92.000000 98.000000 54.000000
75.000000 112.000000 33.000000
122.000000 78.000000 103.000000
93.000000 110.000000 92.000000
110.000000 98.000000 112.000000
122.000000 85.000000 121.000000
139.000000 68.000000 32.000000
68.000000 144.000000 35.000000
125.000000 103.000000 125.000000
156.000000 80.000000 95.000000
159.000000 79.000000 58.000000
87.000000 148.000000 91.000000
164.000000 74.000000 31.000000
126.000000 124.000000 125.000000
74.000000 169.000000 44.000000
172.000000 102.000000 99.000000
126.000000 151.000000 124.000000
208.000000 45.000000 28.000000
187.000000 125.000000 85.000000
125.000000 184.000000 123.000000
155.000000 170.000000 27.000000
105.000000 211.000000 91.000000
122.000000 213.000000 120.000000
148.000000 226.000000 71.000000
135.000000 233.000000 36.000000
160.000000 226.000000 50.000000
145.000000 258.000000 26.000000
180.000000 249.000000 29.000000
211.000000 229.000000 27.000000
