205.000000 198.000000 32.000000
182.000000 219.000000 34.000000
196.000000 182.000000 53.000000
175.000000 207.000000 101.000000
160.000000 226.000000 50.000000
148.000000 226.000000 71.000000
195.000000 149.000000 66.000000
176.000000 160.000000 101.000000
156.000000 181.000000 122.000000
107.000000 225.000000 41.000000
146.000000 157.000000 126.000000
125.000000 184.000000 123.000000
160.000000 132.000000 110.000000
200.000000 91.000000 30.000000
182.000000 98.000000 55.000000
146.000000 127.000000 127.000000
149.000000 106.000000 125.000000
87.000000 148.000000 91.000000
125.000000 103.000000 125.000000
141.000000 82.000000 117.000000
122.000000 85.000000 121.000000
139.000000 68.000000 32.000000
68.000000 144.000000 35.000000
122.000000 78.000000 103.000000
115.000000 76.000000 34.000000
94.000000 88.000000 31.000000
22.000000 125.000000 29.000000
