162.000000 282.000000 15.000000
159.000000 78.000000 72.000000
177.000000 84.000000 33.000000
156.000000 81.000000 111.000000
105.000000 225.000000 42.000000
93.000000 138.000000 99.000000
120.000000 183.000000 126.000000
195.000000 141.000000 57.000000
180.000000 174.000000 105.000000
156.000000 183.000000 129.000000
192.000000 177.000000 90.000000
123.000000 153.000000 129.000000
156.000000 171.000000 123.000000
198.000000 171.000000 51.000000
87.000000 165.000000 93.000000
123.000000 126.000000 129.000000
195.000000 141.000000 66.000000
84.000000 135.000000 90.000000
108.000000 105.000000 111.000000
126.000000 102.000000 129.000000
264.000000 120.000000 21.000000
93.000000 105.000000 93.000000
123.000000 96.000000 126.000000
180.000000 96.000000 57.000000
93.000000 87.000000 33.000000
120.000000 84.000000 123.000000
120.000000 78.000000 105.000000
81.000000 45.000000 27.000000
