146.000000 157.000000 126.000000
146.000000 127.000000 127.000000
149.000000 106.000000 125.000000
160.000000 132.000000 110.000000
176.000000 160.000000 101.000000
172.000000 102.000000 99.000000
187.000000 125.000000 85.000000
105.000000 86.000000 78.000000
79.000000 134.000000 63.000000
128.000000 76.000000 65.000000
159.000000 79.000000 58.000000
92.000000 98.000000 54.000000
155.000000 170.000000 27.000000
103.000000 148.000000 27.000000
135.000000 233.000000 36.000000
211.000000 229.000000 27.000000
28.000000 188.000000 28.000000
22.000000 125.000000 29.000000
97.000000 28.000000 31.000000
157.000000 22.000000 31.000000
47.000000 61.000000 29.000000
248.000000 196.000000 23.000000
208.000000 45.000000 28.000000
61.000000 247.000000 25.000000
234.000000 246.000000 25.000000
199.000000 269.000000 23.000000
