82.000000 58.000000 27.000000
139.000000 68.000000 32.000000
128.000000 76.000000 65.000000
122.000000 78.000000 103.000000
105.000000 86.000000 78.000000
159.000000 79.000000 58.000000
208.000000 45.000000 28.000000
156.000000 80.000000 95.000000
164.000000 74.000000 31.000000
141.000000 82.000000 117.000000
122.000000 85.000000 121.000000
92.000000 98.000000 54.000000
110.000000 98.000000 112.000000
93.000000 110.000000 92.000000
125.000000 103.000000 125.000000
75.000000 112.000000 33.000000
182.000000 98.000000 55.000000
172.000000 102.000000 99.000000
79.000000 134.000000 63.000000
111.000000 134.000000 107.000000
68.000000 144.000000 35.000000
87.000000 148.000000 91.000000
103.000000 148.000000 27.000000
126.000000 151.000000 124.000000
176.000000 160.000000 101.000000
90.000000 177.000000 92.000000
156.000000 181.000000 122.000000
196.000000 182.000000 53.000000
154.000000 207.000000 124.000000
107.000000 225.000000 41.000000
154.000000 221.000000 112.000000
148.000000 226.000000 71.000000
182.000000 219.000000 34.000000
160.000000 226.000000 50.000000
248.000000 196.000000 23.000000
145.000000 258.000000 26.000000
161.000000 285.000000 15.000000
