192.000000 171.000000 81.000000
186.000000 210.000000 39.000000
78.000000 117.000000 30.000000
162.000000 111.000000 111.000000
174.000000 210.000000 108.000000
111.000000 99.000000 114.000000
126.000000 87.000000 123.000000
141.000000 69.000000 30.000000
69.000000 150.000000 33.000000
129.000000 108.000000 126.000000
171.000000 90.000000 99.000000
171.000000 84.000000 57.000000
132.000000 222.000000 99.000000
165.000000 75.000000 30.000000
141.000000 138.000000 129.000000
75.000000 174.000000 42.000000
180.000000 111.000000 99.000000
156.000000 189.000000 132.000000
210.000000 48.000000 27.000000
189.000000 129.000000 87.000000
132.000000 198.000000 126.000000
159.000000 174.000000 27.000000
108.000000 219.000000 90.000000
126.000000 219.000000 120.000000
150.000000 228.000000 69.000000
138.000000 234.000000 36.000000
159.000000 228.000000 48.000000
147.000000 264.000000 24.000000
189.000000 261.000000 27.000000
216.000000 237.000000 24.000000
