210.000000 48.000000 27.000000
141.000000 69.000000 30.000000
174.000000 219.000000 45.000000
117.000000 126.000000 111.000000
114.000000 78.000000 36.000000
162.000000 156.000000 105.000000
141.000000 102.000000 120.000000
183.000000 102.000000 54.000000
75.000000 162.000000 48.000000
174.000000 126.000000 102.000000
75.000000 117.000000 33.000000
123.000000 147.000000 132.000000
147.000000 150.000000 132.000000
75.000000 153.000000 63.000000
84.000000 153.000000 90.000000
102.000000 156.000000 27.000000
123.000000 183.000000 129.000000
21.000000 126.000000 30.000000
147.000000 171.000000 129.000000
177.000000 162.000000 102.000000
90.000000 189.000000 93.000000
195.000000 186.000000 51.000000
123.000000 213.000000 129.000000
255.000000 213.000000 21.000000
150.000000 228.000000 69.000000
105.000000 225.000000 42.000000
147.000000 264.000000 24.000000
162.000000 291.000000 12.000000
