93 105 92
255 132 23
129 75 68
165 231 32
87 147 92
207 159 32
156 177 125
93 96 56
174 246 29
108 24 32
153 207 128
234 252 23
198 180 53
150 159 128
111 99 113
198 117 35
153 78 98
21 126 29
177 204 101
150 228 68
120 78 104
78 132 59
207 138 32
84 201 41
108 84 77
90 177 95
72 144 32
150 225 95
180 213 53
141 69 29
138 234 35
57 249 23
153 222 110
144 126 128
129 123 125
93 87 32
105 225 41
114 132 107
159 228 47
99 141 26
120 84 122
198 153 62
156 87 119
204 180 32
147 264 26
159 174 26
156 132 110
123 153 128
78 54 26
204 234 26
201 279 20
42 69 29
165 75 29
120 183 125
75 168 41
144 108 125
105 213 95
123 216 122
159 78 53
177 162 101
210 48 26
162 282 14
24 192 29
138 81 116
198 90 29
189 123 80
114 75 32
189 189 83
78 111 32
180 219 35
180 96 56
246 186 20
192 204 35
204 195 32
105 267 17
126 102 128
162 21 29
174 102 101
