28.000000 188.000000 28.000000
79.000000 134.000000 63.000000
68.000000 144.000000 35.000000
74.000000 169.000000 44.000000
47.000000 61.000000 29.000000
75.000000 112.000000 33.000000
83.000000 200.000000 41.000000
61.000000 247.000000 25.000000
105.000000 86.000000 78.000000
103.000000 148.000000 27.000000
146.000000 157.000000 126.000000
97.000000 28.000000 31.000000
108.000000 275.000000 17.000000
155.000000 170.000000 27.000000
159.000000 79.000000 58.000000
145.000000 258.000000 26.000000
187.000000 125.000000 85.000000
157.000000 22.000000 31.000000
180.000000 249.000000 29.000000
208.000000 159.000000 34.000000
205.000000 198.000000 32.000000
211.000000 229.000000 27.000000
199.000000 269.000000 23.000000
