162.000000 282.000000 15.000000
195.000000 147.000000 72.000000
96.000000 117.000000 27.000000
147.000000 153.000000 135.000000
204.000000 162.000000 39.000000
186.000000 216.000000 33.000000
186.000000 204.000000 60.000000
177.000000 204.000000 102.000000
75.000000 168.000000 42.000000
240.000000 243.000000 24.000000
69.000000 114.000000 30.000000
198.000000 180.000000 54.000000
264.000000 180.000000 21.000000
147.000000 117.000000 129.000000
96.000000 60.000000 27.000000
180.000000 96.000000 57.000000
144.000000 78.000000 117.000000
144.000000 48.000000 30.000000
