157.000000 22.000000 31.000000
200.000000 91.000000 30.000000
182.000000 98.000000 55.000000
159.000000 79.000000 58.000000
156.000000 80.000000 95.000000
172.000000 102.000000 99.000000
139.000000 68.000000 32.000000
187.000000 125.000000 85.000000
141.000000 82.000000 117.000000
195.000000 149.000000 66.000000
149.000000 106.000000 125.000000
160.000000 132.000000 110.000000
146.000000 127.000000 127.000000
176.000000 160.000000 101.000000
188.000000 186.000000 88.000000
146.000000 157.000000 126.000000
155.000000 170.000000 27.000000
205.000000 198.000000 32.000000
175.000000 207.000000 101.000000
87.000000 148.000000 91.000000
211.000000 229.000000 27.000000
154.000000 207.000000 124.000000
234.000000 246.000000 25.000000
160.000000 226.000000 50.000000
74.000000 169.000000 44.000000
107.000000 225.000000 41.000000
61.000000 247.000000 25.000000
