248.000000 196.000000 23.000000
187.000000 125.000000 85.000000
234.000000 246.000000 25.000000
205.000000 198.000000 32.000000
211.000000 229.000000 27.000000
200.000000 91.000000 30.000000
160.000000 132.000000 110.000000
208.000000 45.000000 28.000000
146.000000 157.000000 126.000000
149.000000 106.000000 125.000000
199.000000 269.000000 23.000000
180.000000 249.000000 29.000000
155.000000 170.000000 27.000000
162.000000 71.000000 34.000000
145.000000 258.000000 26.000000
162.000000 281.000000 14.000000
115.000000 76.000000 34.000000
103.000000 148.000000 27.000000
79.000000 134.000000 63.000000
108.000000 275.000000 17.000000
97.000000 28.000000 31.000000
47.000000 61.000000 29.000000
