74.000000 169.000000 44.000000
68.000000 144.000000 35.000000
90.000000 177.000000 92.000000
105.000000 211.000000 91.000000
87.000000 148.000000 91.000000
75.000000 112.000000 33.000000
125.000000 184.000000 123.000000
111.000000 134.000000 107.000000
92.000000 98.000000 54.000000
148.000000 226.000000 71.000000
110.000000 98.000000 112.000000
160.000000 226.000000 50.000000
128.000000 76.000000 65.000000
180.000000 249.000000 29.000000
182.000000 219.000000 34.000000
176.000000 160.000000 101.000000
139.000000 68.000000 32.000000
196.000000 182.000000 53.000000
164.000000 74.000000 31.000000
208.000000 159.000000 34.000000
157.000000 22.000000 31.000000
