208.000000 45.000000 28.000000
139.000000 68.000000 32.000000
159.000000 79.000000 58.000000
156.000000 80.000000 95.000000
122.000000 78.000000 103.000000
141.000000 82.000000 117.000000
200.000000 91.000000 30.000000
182.000000 98.000000 55.000000
105.000000 86.000000 78.000000
172.000000 102.000000 99.000000
110.000000 98.000000 112.000000
125.000000 103.000000 125.000000
92.000000 98.000000 54.000000
187.000000 125.000000 85.000000
160.000000 132.000000 110.000000
146.000000 127.000000 127.000000
75.000000 112.000000 33.000000
176.000000 160.000000 101.000000
103.000000 148.000000 27.000000
87.000000 148.000000 91.000000
74.000000 169.000000 44.000000
160.000000 226.000000 50.000000
107.000000 225.000000 41.000000
234.000000 246.000000 25.000000
