85.000000 38.000000 46.000000
93.000000 63.000000 40.000000
94.000000 73.000000 33.000000
99.000000 86.000000 45.000000
98.000000 100.000000 47.000000
82.000000 98.000000 46.000000
57.000000 44.000000 46.000000
94.000000 140.000000 46.000000
50.000000 73.000000 48.000000
27.000000 38.000000 46.000000
63.000000 149.000000 47.000000
17.000000 90.000000 46.000000
24.000000 120.000000 46.000000
19.000000 152.000000 46.000000
80.000000 221.000000 15.000000
57.000000 237.000000 46.000000
31.000000 221.000000 38.000000
59.000000 285.000000 59.000000
