59.000000 285.000000 59.000000
23.000000 243.000000 46.000000
83.000000 258.000000 48.000000
20.000000 238.000000 20.000000
57.000000 237.000000 46.000000
20.000000 228.000000 38.000000
20.000000 230.000000 12.000000
21.000000 216.000000 33.000000
92.000000 229.000000 38.000000
63.000000 214.000000 47.000000
20.000000 183.000000 46.000000
67.000000 186.000000 47.000000
63.000000 149.000000 47.000000
24.000000 120.000000 46.000000
57.000000 118.000000 46.000000
17.000000 90.000000 46.000000
69.000000 88.000000 48.000000
50.000000 73.000000 48.000000
96.000000 75.000000 48.000000
