90.000000 75.000000 48.000000
78.000000 72.000000 33.000000
66.000000 63.000000 42.000000
90.000000 66.000000 9.000000
12.000000 138.000000 48.000000
9.000000 111.000000 48.000000
24.000000 207.000000 48.000000
21.000000 93.000000 51.000000
9.000000 129.000000 48.000000
24.000000 207.000000 48.000000
90.000000 228.000000 39.000000
27.000000 237.000000 48.000000
12.000000 120.000000 45.000000
15.000000 63.000000 45.000000
12.000000 90.000000 45.000000
78.000000 261.000000 48.000000
12.000000 153.000000 45.000000
24.000000 225.000000 39.000000
57.000000 288.000000 60.000000
18.000000 246.000000 48.000000
