96.000000 195.000000 48.000000
87.000000 69.000000 51.000000
96.000000 111.000000 48.000000
24.000000 228.000000 39.000000
84.000000 36.000000 48.000000
27.000000 246.000000 45.000000
96.000000 111.000000 48.000000
99.000000 147.000000 48.000000
75.000000 219.000000 48.000000
87.000000 246.000000 45.000000
96.000000 81.000000 48.000000
57.000000 12.000000 45.000000
66.000000 288.000000 60.000000
102.000000 138.000000 45.000000
99.000000 171.000000 45.000000
102.000000 99.000000 48.000000
105.000000 87.000000 45.000000
90.000000 36.000000 48.000000
