66.000000 252.000000 48.000000
90.000000 228.000000 39.000000
51.000000 282.000000 60.000000
15.000000 219.000000 48.000000
30.000000 267.000000 51.000000
18.000000 225.000000 39.000000
27.000000 33.000000 48.000000
12.000000 210.000000 45.000000
60.000000 45.000000 51.000000
18.000000 180.000000 48.000000
54.000000 18.000000 48.000000
12.000000 147.000000 45.000000
87.000000 54.000000 42.000000
15.000000 111.000000 45.000000
39.000000 18.000000 45.000000
15.000000 63.000000 48.000000
27.000000 36.000000 45.000000
