67.000000 186.000000 47.000000
24.000000 120.000000 46.000000
69.000000 88.000000 48.000000
98.000000 100.000000 47.000000
18.000000 212.000000 46.000000
99.000000 86.000000 45.000000
96.000000 75.000000 48.000000
57.000000 237.000000 46.000000
31.000000 221.000000 38.000000
21.000000 216.000000 33.000000
17.000000 64.000000 47.000000
23.000000 243.000000 46.000000
93.000000 63.000000 40.000000
20.000000 68.000000 36.000000
20.000000 212.000000 22.000000
57.000000 44.000000 46.000000
36.000000 269.000000 51.000000
43.000000 68.000000 23.000000
85.000000 38.000000 46.000000
27.000000 38.000000 46.000000
20.000000 218.000000 13.000000
59.000000 285.000000 59.000000
56.000000 14.000000 46.000000
