17.000000 64.000000 47.000000
19.000000 152.000000 46.000000
20.000000 183.000000 46.000000
20.000000 228.000000 38.000000
50.000000 73.000000 48.000000
57.000000 118.000000 46.000000
57.000000 44.000000 46.000000
63.000000 149.000000 47.000000
67.000000 186.000000 47.000000
82.000000 98.000000 46.000000
36.000000 269.000000 51.000000
57.000000 237.000000 46.000000
85.000000 38.000000 46.000000
94.000000 140.000000 46.000000
98.000000 100.000000 47.000000
96.000000 169.000000 46.000000
59.000000 285.000000 59.000000
