92.000000 229.000000 38.000000
83.000000 258.000000 48.000000
81.000000 218.000000 31.000000
57.000000 237.000000 46.000000
67.000000 186.000000 47.000000
36.000000 269.000000 51.000000
94.000000 116.000000 46.000000
98.000000 100.000000 47.000000
99.000000 86.000000 45.000000
18.000000 212.000000 46.000000
96.000000 75.000000 48.000000
20.000000 183.000000 46.000000
93.000000 63.000000 40.000000
19.000000 152.000000 46.000000
24.000000 120.000000 46.000000
17.000000 90.000000 46.000000
27.000000 38.000000 46.000000
