96 102 44
45 69 23
81 66 14
30 240 20
93 75 32
18 237 20
33 219 14
93 234 23
18 219 11
93 66 8
78 222 14
93 81 23
57 45 41
30 222 35
72 186 41
33 57 17
96 57 17
15 63 47
18 228 35
24 246 44
81 81 20
24 216 32
18 78 26
81 54 23
18 69 35
96 138 47
18 63 11
21 78 14
90 228 38
96 111 47
63 144 41
96 75 44
21 120 41
66 66 23
81 69 23
30 81 23
27 36 44
33 60 32
81 81 29
81 72 35
57 261 47
57 288 59
87 39 44
93 66 38
81 60 35
33 216 29
18 231 11
99 171 44
93 216 23
18 213 20
21 216 47
57 240 41
57 66 23
12 90 44
93 228 8
30 228 23
33 72 11
33 234 32
21 225 23
93 78 14
72 81 50
18 57 26
81 75 11
96 207 44
57 12 44
57 117 41
81 237 11
33 231 11
78 60 11
93 75 23
57 228 23
90 66 23
18 153 41
78 261 47
33 267 47
18 180 47
81 216 32
99 90 44
18 237 29
33 75 32
51 72 41
93 54 29
27 66 23
78 93 41
66 216 41
78 234 29
