520.000000 490.000000 495.000000
490.000000 490.000000 495.000000
750.000000 417.000000 460.000000
290.000000 414.000000 420.000000
340.000000 416.000000 386.000000
525.000000 458.000000 315.000000
540.000000 433.000000 300.000000
508.000000 332.000000 282.000000
460.000000 385.000000 282.000000
495.000000 370.000000 265.000000
525.000000 335.000000 255.000000
540.000000 350.000000 240.000000
460.000000 333.000000 227.000000
515.000000 335.000000 225.000000
467.000000 303.000000 220.000000
487.000000 287.000000 217.000000
466.000000 340.000000 202.000000
487.000000 217.000000 147.000000
495.000000 175.000000 145.000000
