375.000000 312.000000 320.000000
495.000000 175.000000 145.000000
458.000000 298.000000 198.000000
467.000000 303.000000 220.000000
487.000000 287.000000 217.000000
486.000000 281.000000 187.000000
410.000000 403.000000 327.000000
508.000000 332.000000 282.000000
510.000000 310.000000 190.000000
457.000000 370.000000 163.000000
525.000000 335.000000 255.000000
507.000000 397.000000 290.000000
495.000000 470.000000 325.000000
525.000000 458.000000 315.000000
508.000000 476.000000 348.000000
675.000000 415.000000 395.000000
750.000000 417.000000 460.000000
