502.000000 248.000000 152.000000
457.000000 370.000000 163.000000
504.000000 288.000000 174.000000
463.000000 350.000000 180.000000
486.000000 281.000000 187.000000
447.000000 317.000000 190.000000
520.000000 300.000000 195.000000
458.000000 298.000000 198.000000
466.000000 340.000000 202.000000
517.000000 387.000000 223.000000
540.000000 350.000000 240.000000
525.000000 335.000000 255.000000
485.000000 432.000000 290.000000
540.000000 433.000000 300.000000
500.000000 470.000000 290.000000
375.000000 312.000000 320.000000
410.000000 403.000000 327.000000
643.000000 310.000000 323.000000
340.000000 416.000000 386.000000
290.000000 340.000000 380.000000
760.000000 213.000000 363.000000
220.000000 208.000000 350.000000
220.000000 313.000000 417.000000
490.000000 490.000000 495.000000
865.000000 170.000000 435.000000
132.000000 202.000000 438.000000
115.000000 210.000000 515.000000
905.000000 115.000000 485.000000
78.000000 102.000000 505.000000
905.000000 155.000000 550.000000
