375.000000 312.000000 320.000000
290.000000 340.000000 380.000000
495.000000 175.000000 145.000000
507.000000 157.000000 123.000000
467.000000 303.000000 220.000000
494.000000 54.000000 42.000000
487.000000 287.000000 217.000000
486.000000 281.000000 187.000000
447.000000 317.000000 190.000000
508.000000 332.000000 282.000000
290.000000 414.000000 420.000000
410.000000 403.000000 327.000000
525.000000 335.000000 255.000000
457.000000 370.000000 163.000000
507.000000 397.000000 290.000000
540.000000 433.000000 300.000000
495.000000 470.000000 325.000000
525.000000 458.000000 315.000000
508.000000 476.000000 348.000000
675.000000 415.000000 395.000000
750.000000 417.000000 460.000000
