750.000000 417.000000 460.000000
675.000000 415.000000 395.000000
600.000000 395.000000 325.000000
565.000000 385.000000 290.000000
540.000000 350.000000 240.000000
540.000000 433.000000 300.000000
540.000000 420.000000 257.000000
525.000000 335.000000 255.000000
523.000000 370.000000 267.000000
527.000000 387.000000 243.000000
545.000000 335.000000 165.000000
535.000000 288.000000 180.000000
515.000000 335.000000 225.000000
517.000000 387.000000 223.000000
510.000000 310.000000 190.000000
500.000000 350.000000 200.000000
508.000000 476.000000 348.000000
458.000000 298.000000 198.000000
290.000000 414.000000 420.000000
213.000000 425.000000 479.000000
