505.000000 330.000000 200.000000 1.000000
510.000000 535.000000 400.000000 1.000000
523.000000 223.000000 147.000000 1.000000
506.000000 178.000000 124.000000 1.000000
515.000000 240.000000 180.000000 1.000000
523.000000 240.000000 167.000000 1.000000
463.000000 350.000000 180.000000 1.000000
340.000000 416.000000 386.000000 1.000000
492.000000 195.000000 128.000000 1.000000
517.000000 267.000000 170.000000 1.000000
483.000000 461.000000 303.000000 1.000000
493.000000 180.000000 113.000000 1.000000
502.000000 248.000000 152.000000 1.000000
511.000000 341.000000 280.000000 1.000000
510.000000 587.000000 407.000000 1.000000
491.000000 291.000000 180.000000 1.000000
565.000000 385.000000 290.000000 1.000000
491.000000 551.000000 431.000000 1.000000
525.000000 555.000000 420.000000 1.000000
512.000000 558.000000 412.000000 1.000000
504.000000 152.000000 104.000000 1.000000
540.000000 350.000000 240.000000 1.000000
521.000000 251.000000 151.000000 1.000000
523.000000 370.000000 267.000000 1.000000
373.000000 407.000000 353.000000 1.000000
497.000000 560.000000 417.000000 1.000000
477.000000 377.000000 253.000000 1.000000
492.000000 500.000000 318.000000 1.000000
494.000000 506.000000 350.000000 1.000000
507.000000 217.000000 160.000000 1.000000
491.000000 181.000000 181.000000 1.000000
520.000000 300.000000 195.000000 1.000000
501.000000 131.000000 121.000000 1.000000
460.000000 365.000000 200.000000 1.000000
511.000000 141.000000 91.000000 1.000000
494.000000 256.000000 168.000000 1.000000
430.000000 430.000000 325.000000 1.000000
498.000000 534.000000 460.000000 1.000000
155.000000 260.000000 425.000000 1.000000
524.000000 548.000000 434.000000 1.000000
501.000000 311.000000 231.000000 1.000000
505.000000 605.000000 400.000000 1.000000
741.000000 301.000000 381.000000 1.000000
485.000000 312.000000 200.000000 1.000000
480.000000 360.000000 237.000000 1.000000
547.000000 370.000000 113.000000 1.000000
520.000000 587.000000 407.000000 1.000000
520.000000 210.000000 155.000000 1.000000
550.000000 380.000000 115.000000 1.000000
485.000000 432.000000 290.000000 1.000000
511.000000 501.000000 411.000000 1.000000
488.000000 76.000000 60.000000 1.000000
300.000000 411.000000 400.000000 1.000000
471.000000 311.000000 220.000000 1.000000
115.000000 210.000000 515.000000 1.000000
503.000000 490.000000 333.000000 1.000000
600.000000 395.000000 325.000000 1.000000
466.000000 340.000000 202.000000 1.000000
510.000000 276.000000 210.000000 1.000000
497.000000 137.000000 100.000000 1.000000
630.000000 403.000000 357.000000 1.000000
510.000000 491.000000 350.000000 1.000000
497.000000 517.000000 333.000000 1.000000
516.000000 524.000000 386.000000 1.000000
220.000000 313.000000 417.000000 1.000000
867.000000 223.000000 493.000000 1.000000
504.000000 288.000000 174.000000 1.000000
511.000000 180.000000 139.000000 1.000000
510.000000 432.000000 306.000000 1.000000
467.000000 463.000000 317.000000 1.000000
504.000000 544.000000 424.000000 1.000000
500.000000 75.000000 60.000000 1.000000
505.000000 210.000000 145.000000 1.000000
451.000000 281.000000 201.000000 1.000000
521.000000 531.000000 401.000000 1.000000
380.000000 400.000000 355.000000 1.000000
493.000000 393.000000 237.000000 1.000000
542.000000 298.000000 212.000000 1.000000
981.000000 31.000000 601.000000 1.000000
494.000000 146.000000 92.000000 1.000000
545.000000 395.000000 270.000000 1.000000
451.000000 351.000000 181.000000 1.000000
462.000000 412.000000 165.000000 1.000000
715.000000 420.000000 430.000000 1.000000
905.000000 155.000000 550.000000 1.000000
511.000000 511.000000 391.000000 1.000000
540.000000 375.000000 120.000000 1.000000
489.000000 160.000000 113.000000 1.000000
508.000000 522.000000 345.000000 1.000000
550.000000 340.000000 175.000000 1.000000
538.000000 457.000000 295.000000 1.000000
513.000000 250.000000 163.000000 1.000000
517.000000 387.000000 223.000000 1.000000
540.000000 535.000000 450.000000 1.000000
487.000000 217.000000 147.000000 1.000000
541.000000 291.000000 151.000000 1.000000
500.000000 533.000000 403.000000 1.000000
502.000000 556.000000 440.000000 1.000000
541.000000 361.000000 111.000000 1.000000
522.000000 502.000000 332.000000 1.000000
545.000000 365.000000 130.000000 1.000000
410.000000 411.000000 330.000000 1.000000
523.000000 487.000000 323.000000 1.000000
517.000000 453.000000 270.000000 1.000000
551.000000 441.000000 300.000000 1.000000
495.000000 215.000000 130.000000 1.000000
500.000000 577.000000 413.000000 1.000000
643.000000 310.000000 323.000000 1.000000
511.000000 581.000000 401.000000 1.000000
535.000000 288.000000 180.000000 1.000000
701.000000 371.000000 391.000000 1.000000
530.000000 295.000000 205.000000 1.000000
513.000000 570.000000 413.000000 1.000000
681.000000 421.000000 390.000000 1.000000
522.000000 502.000000 314.000000 1.000000
510.000000 491.000000 330.000000 1.000000
841.000000 161.000000 371.000000 1.000000
503.000000 253.000000 190.000000 1.000000
500.000000 520.000000 372.000000 1.000000
510.000000 540.000000 450.000000 1.000000
507.000000 167.000000 110.000000 1.000000
505.000000 605.000000 390.000000 1.000000
530.000000 335.000000 185.000000 1.000000
500.000000 104.000000 78.000000 1.000000
525.000000 535.000000 460.000000 1.000000
511.000000 181.000000 141.000000 1.000000
492.000000 572.000000 422.000000 1.000000
494.000000 334.000000 248.000000 1.000000
475.000000 250.000000 165.000000 1.000000
537.000000 323.000000 180.000000 1.000000
461.000000 341.000000 180.000000 1.000000
191.000000 271.000000 411.000000 1.000000
544.000000 462.000000 316.000000 1.000000
761.000000 421.000000 460.000000 1.000000
480.000000 535.000000 450.000000 1.000000
453.000000 447.000000 323.000000 1.000000
654.000000 410.000000 372.000000 1.000000
817.000000 417.000000 510.000000 1.000000
503.000000 123.000000 80.000000 1.000000
500.000000 470.000000 290.000000 1.000000
537.000000 297.000000 135.000000 1.000000
570.000000 443.000000 323.000000 1.000000
220.000000 208.000000 350.000000 1.000000
498.000000 445.000000 260.000000 1.000000
531.000000 331.000000 200.000000 1.000000
132.000000 202.000000 438.000000 1.000000
510.000000 526.000000 418.000000 1.000000
460.000000 381.000000 160.000000 1.000000
500.000000 585.000000 400.000000 1.000000
537.000000 327.000000 157.000000 1.000000
905.000000 115.000000 485.000000 1.000000
512.000000 192.000000 128.000000 1.000000
465.000000 500.000000 460.000000 1.000000
640.000000 405.000000 350.000000 1.000000
495.000000 210.000000 160.000000 1.000000
483.000000 533.000000 437.000000 1.000000
865.000000 170.000000 435.000000 1.000000
458.000000 298.000000 198.000000 1.000000
466.000000 446.000000 300.000000 1.000000
460.000000 333.000000 227.000000 1.000000
507.000000 613.000000 380.000000 1.000000
485.000000 240.000000 150.000000 1.000000
551.000000 371.000000 221.000000 1.000000
510.000000 350.000000 215.000000 1.000000
520.000000 520.000000 405.000000 1.000000
530.000000 535.000000 440.000000 1.000000
500.000000 498.000000 370.000000 1.000000
520.000000 490.000000 495.000000 1.000000
491.000000 571.000000 411.000000 1.000000
492.000000 122.000000 88.000000 1.000000
550.000000 500.000000 460.000000 1.000000
505.000000 570.000000 400.000000 1.000000
400.000000 420.000000 345.000000 1.000000
523.000000 517.000000 347.000000 1.000000
490.000000 95.000000 70.000000 1.000000
495.000000 510.000000 380.000000 1.000000
493.000000 240.000000 177.000000 1.000000
511.000000 131.000000 101.000000 1.000000
520.000000 455.000000 295.000000 1.000000
535.000000 330.000000 200.000000 1.000000
531.000000 421.000000 290.000000 1.000000
460.000000 395.000000 175.000000 1.000000
490.000000 490.000000 495.000000 1.000000
521.000000 211.000000 131.000000 1.000000
511.000000 160.000000 119.000000 1.000000
511.000000 601.000000 381.000000 1.000000
454.000000 333.000000 151.000000 1.000000
501.000000 591.000000 411.000000 1.000000
611.000000 421.000000 341.000000 1.000000
790.000000 277.000000 413.000000 1.000000
515.000000 335.000000 225.000000 1.000000
490.000000 110.000000 75.000000 1.000000
500.000000 90.000000 65.000000 1.000000
505.000000 190.000000 140.000000 1.000000
520.000000 505.000000 375.000000 1.000000
545.000000 360.000000 120.000000 1.000000
791.000000 351.000000 461.000000 1.000000
491.000000 131.000000 81.000000 1.000000
551.000000 381.000000 131.000000 1.000000
290.000000 421.000000 420.000000 1.000000
533.000000 440.000000 283.000000 1.000000
503.000000 570.000000 433.000000 1.000000
505.000000 230.000000 140.000000 1.000000
527.000000 387.000000 243.000000 1.000000
540.000000 420.000000 257.000000 1.000000
540.000000 320.000000 132.000000 1.000000
525.000000 475.000000 295.000000 1.000000
500.000000 547.000000 407.000000 1.000000
500.000000 517.000000 403.000000 1.000000
520.000000 310.000000 215.000000 1.000000
213.000000 425.000000 479.000000 1.000000
845.000000 250.000000 445.000000 1.000000
501.000000 111.000000 71.000000 1.000000
360.000000 407.000000 367.000000 1.000000
543.000000 340.000000 133.000000 1.000000
78.000000 102.000000 505.000000 1.000000
495.000000 370.000000 265.000000 1.000000
551.000000 361.000000 111.000000 1.000000
700.000000 410.000000 415.000000 1.000000
477.000000 417.000000 263.000000 1.000000
760.000000 213.000000 363.000000 1.000000
520.000000 537.000000 413.000000 1.000000
530.000000 535.000000 430.000000 1.000000
541.000000 311.000000 151.000000 1.000000
491.000000 351.000000 221.000000 1.000000
531.000000 381.000000 281.000000 1.000000
517.000000 550.000000 403.000000 1.000000
501.000000 601.000000 381.000000 1.000000
462.000000 375.000000 215.000000 1.000000
517.000000 577.000000 420.000000 1.000000
802.000000 418.000000 502.000000 1.000000
510.000000 310.000000 190.000000 1.000000
583.000000 427.000000 330.000000 1.000000
491.000000 521.000000 411.000000 1.000000
460.000000 385.000000 282.000000 1.000000
492.000000 108.000000 92.000000 1.000000
531.000000 331.000000 250.000000 1.000000
520.000000 350.000000 235.000000 1.000000
491.000000 231.000000 161.000000 1.000000
410.000000 381.000000 320.000000 1.000000
545.000000 335.000000 165.000000 1.000000
522.000000 564.000000 436.000000 1.000000
501.000000 60.000000 39.000000 1.000000
531.000000 331.000000 211.000000 1.000000
501.000000 131.000000 91.000000 1.000000
505.000000 590.000000 390.000000 1.000000
487.000000 130.000000 103.000000 1.000000
500.000000 350.000000 200.000000 1.000000
542.000000 365.000000 170.000000 1.000000
518.000000 502.000000 358.000000 1.000000
501.000000 381.000000 221.000000 1.000000
491.000000 91.000000 61.000000 1.000000
531.000000 461.000000 310.000000 1.000000
