790.000000 277.000000 413.000000
750.000000 417.000000 460.000000
675.000000 415.000000 395.000000
565.000000 385.000000 290.000000
545.000000 395.000000 270.000000
540.000000 433.000000 300.000000
540.000000 420.000000 257.000000
540.000000 350.000000 240.000000
527.000000 387.000000 243.000000
523.000000 370.000000 267.000000
525.000000 335.000000 255.000000
517.000000 387.000000 223.000000
515.000000 335.000000 225.000000
508.000000 476.000000 348.000000
535.000000 288.000000 180.000000
520.000000 300.000000 195.000000
510.000000 310.000000 190.000000
500.000000 350.000000 200.000000
487.000000 287.000000 217.000000
495.000000 175.000000 145.000000
