290.000000 340.000000 380.000000
375.000000 312.000000 320.000000
340.000000 416.000000 386.000000
458.000000 298.000000 198.000000
460.000000 333.000000 227.000000
487.000000 287.000000 217.000000
486.000000 281.000000 187.000000
495.000000 175.000000 145.000000
457.000000 370.000000 163.000000
508.000000 332.000000 282.000000
502.000000 248.000000 152.000000
525.000000 335.000000 255.000000
485.000000 432.000000 290.000000
507.000000 397.000000 290.000000
540.000000 420.000000 257.000000
540.000000 433.000000 300.000000
490.000000 490.000000 495.000000
675.000000 415.000000 395.000000
750.000000 417.000000 460.000000
