760.000000 213.000000 363.000000
220.000000 208.000000 350.000000
905.000000 115.000000 485.000000
508.000000 332.000000 282.000000
78.000000 102.000000 505.000000
905.000000 155.000000 550.000000
132.000000 202.000000 438.000000
845.000000 250.000000 445.000000
290.000000 340.000000 380.000000
115.000000 210.000000 515.000000
520.000000 300.000000 195.000000
535.000000 288.000000 180.000000
220.000000 313.000000 417.000000
155.000000 260.000000 425.000000
565.000000 385.000000 290.000000
460.000000 385.000000 282.000000
483.000000 461.000000 303.000000
510.000000 540.000000 450.000000
