490.000000 180.000000 140.000000
510.000000 160.000000 120.000000
500.000000 60.000000 40.000000
470.000000 310.000000 220.000000
490.000000 290.000000 180.000000
450.000000 340.000000 180.000000
470.000000 370.000000 220.000000
510.000000 340.000000 280.000000
520.000000 340.000000 260.000000
410.000000 410.000000 330.000000
290.000000 420.000000 420.000000
540.000000 410.000000 260.000000
530.000000 440.000000 290.000000
610.000000 420.000000 330.000000
550.000000 440.000000 300.000000
480.000000 470.000000 300.000000
510.000000 520.000000 330.000000
530.000000 460.000000 310.000000
510.000000 490.000000 350.000000
680.000000 420.000000 390.000000
760.000000 420.000000 460.000000
