583.000000 427.000000 330.000000
570.000000 443.000000 323.000000
525.000000 475.000000 295.000000
565.000000 385.000000 290.000000
508.000000 476.000000 348.000000
498.000000 445.000000 260.000000
483.000000 461.000000 303.000000
527.000000 387.000000 243.000000
540.000000 350.000000 240.000000
517.000000 387.000000 223.000000
525.000000 335.000000 255.000000
515.000000 335.000000 225.000000
500.000000 350.000000 200.000000
520.000000 300.000000 195.000000
535.000000 288.000000 180.000000
460.000000 333.000000 227.000000
213.000000 425.000000 479.000000
220.000000 208.000000 350.000000
