583.000000 427.000000 330.000000
525.000000 475.000000 295.000000
540.000000 420.000000 257.000000
550.000000 500.000000 460.000000
508.000000 476.000000 348.000000
527.000000 387.000000 243.000000
540.000000 350.000000 240.000000
517.000000 387.000000 223.000000
525.000000 335.000000 255.000000
515.000000 335.000000 225.000000
494.000000 334.000000 248.000000
535.000000 288.000000 180.000000
460.000000 333.000000 227.000000
487.000000 287.000000 217.000000
495.000000 175.000000 145.000000
213.000000 425.000000 479.000000
220.000000 208.000000 350.000000
