730.000000 890.000000 80.000000
462.000000 762.000000 188.000000
534.000000 760.000000 136.000000
525.000000 745.000000 285.000000
470.000000 755.000000 300.000000
527.000000 737.000000 343.000000
420.000000 750.000000 285.000000
475.000000 745.000000 365.000000
397.000000 753.000000 190.000000
525.000000 735.000000 370.000000
400.000000 745.000000 255.000000
497.000000 740.000000 390.000000
607.000000 697.000000 213.000000
555.000000 715.000000 375.000000
365.000000 735.000000 240.000000
370.000000 730.000000 315.000000
350.000000 733.000000 183.000000
495.000000 715.000000 415.000000
622.000000 680.000000 158.000000
620.000000 665.000000 255.000000
567.000000 667.000000 380.000000
350.000000 707.000000 333.000000
322.000000 732.000000 122.000000
615.000000 640.000000 322.000000
645.000000 645.000000 145.000000
645.000000 630.000000 210.000000
660.000000 630.000000 110.000000
673.000000 567.000000 137.000000
643.000000 530.000000 260.000000
412.000000 562.000000 440.000000
835.000000 602.000000 75.000000
262.000000 572.000000 216.000000
652.000000 485.000000 215.000000
486.000000 503.000000 429.000000
820.000000 520.000000 77.000000
875.000000 530.000000 70.000000
95.000000 640.000000 95.000000
875.000000 505.000000 75.000000
250.000000 467.000000 150.000000
484.000000 396.000000 424.000000
583.000000 357.000000 340.000000
545.000000 360.000000 370.000000
636.000000 358.000000 134.000000
360.000000 375.000000 362.000000
273.000000 387.000000 163.000000
70.000000 517.000000 97.000000
605.000000 315.000000 155.000000
585.000000 285.000000 125.000000
303.000000 308.000000 93.000000
342.000000 280.000000 185.000000
545.000000 255.000000 120.000000
375.000000 275.000000 365.000000
825.000000 292.000000 82.000000
425.000000 255.000000 385.000000
305.000000 278.000000 95.000000
