490.000000 770.000000 190.000000
380.000000 370.000000 380.000000
360.000000 350.000000 370.000000
540.000000 310.000000 380.000000
370.000000 270.000000 270.000000
280.000000 470.000000 290.000000
680.000000 90.000000 90.000000
460.000000 230.000000 90.000000
300.000000 360.000000 270.000000
260.000000 180.000000 90.000000
560.000000 250.000000 90.000000
450.000000 500.000000 390.000000
640.000000 390.000000 160.000000
250.000000 440.000000 110.000000
260.000000 440.000000 200.000000
800.000000 200.000000 80.000000
220.000000 310.000000 90.000000
250.000000 330.000000 90.000000
130.000000 260.000000 90.000000
530.000000 540.000000 370.000000
250.000000 440.000000 100.000000
570.000000 710.000000 340.000000
700.000000 510.000000 130.000000
40.000000 380.000000 100.000000
640.000000 610.000000 260.000000
740.000000 880.000000 80.000000
