470.000000 250.000000 360.000000
400.000000 275.000000 398.000000
373.000000 287.000000 383.000000
537.000000 290.000000 383.000000
375.000000 265.000000 280.000000
330.000000 330.000000 335.000000
670.000000 83.000000 97.000000
465.000000 222.000000 95.000000
308.000000 342.000000 273.000000
263.000000 170.000000 93.000000
558.000000 245.000000 92.000000
455.000000 430.000000 400.000000
623.000000 360.000000 180.000000
290.000000 350.000000 167.000000
280.000000 390.000000 228.000000
787.000000 187.000000 87.000000
225.000000 300.000000 90.000000
255.000000 320.000000 90.000000
138.000000 252.000000 96.000000
530.000000 533.000000 370.000000
248.000000 435.000000 105.000000
555.000000 570.000000 365.000000
696.000000 498.000000 134.000000
43.000000 367.000000 103.000000
640.000000 602.000000 262.000000
735.000000 860.000000 85.000000
