293.000000 843.000000 90.000000
397.000000 753.000000 190.000000
387.000000 773.000000 110.000000
420.000000 750.000000 285.000000
390.000000 740.000000 295.000000
350.000000 733.000000 183.000000
495.000000 770.000000 145.000000
370.000000 730.000000 315.000000
610.000000 880.000000 85.000000
475.000000 745.000000 365.000000
530.000000 745.000000 255.000000
525.000000 745.000000 285.000000
538.000000 755.000000 173.000000
534.000000 760.000000 136.000000
310.000000 695.000000 175.000000
497.000000 740.000000 390.000000
525.000000 735.000000 370.000000
373.000000 700.000000 390.000000
550.000000 725.000000 325.000000
590.000000 720.000000 162.000000
590.000000 705.000000 255.000000
585.000000 705.000000 320.000000
285.000000 640.000000 240.000000
730.000000 890.000000 80.000000
275.000000 640.000000 190.000000
267.000000 657.000000 113.000000
320.000000 580.000000 340.000000
423.000000 590.000000 437.000000
412.000000 562.000000 440.000000
280.000000 490.000000 292.000000
70.000000 517.000000 97.000000
373.000000 427.000000 360.000000
177.000000 457.000000 93.000000
835.000000 602.000000 75.000000
315.000000 388.000000 330.000000
273.000000 387.000000 163.000000
520.000000 400.000000 380.000000
45.000000 435.000000 100.000000
610.000000 390.000000 85.000000
340.000000 330.000000 85.000000
180.000000 345.000000 90.000000
875.000000 530.000000 70.000000
309.000000 309.000000 133.000000
636.000000 358.000000 134.000000
303.000000 308.000000 93.000000
500.000000 325.000000 425.000000
875.000000 505.000000 75.000000
435.000000 295.000000 405.000000
625.000000 325.000000 95.000000
375.000000 275.000000 365.000000
305.000000 278.000000 95.000000
535.000000 265.000000 175.000000
425.000000 255.000000 385.000000
620.000000 290.000000 90.000000
405.000000 188.000000 95.000000
267.000000 92.000000 102.000000
465.000000 30.000000 108.000000
