45.000000 435.000000 100.000000
285.000000 540.000000 300.000000
265.000000 538.000000 258.000000
272.000000 450.000000 268.000000
43.000000 367.000000 103.000000
87.000000 430.000000 97.000000
55.000000 610.000000 90.000000
300.000000 600.000000 320.000000
293.000000 410.000000 297.000000
320.000000 580.000000 340.000000
330.000000 527.000000 343.000000
262.000000 572.000000 216.000000
145.000000 585.000000 95.000000
88.000000 330.000000 97.000000
147.000000 403.000000 97.000000
280.000000 390.000000 228.000000
255.000000 450.000000 175.000000
285.000000 640.000000 240.000000
330.000000 650.000000 345.000000
180.000000 528.000000 95.000000
244.000000 532.000000 144.000000
320.000000 670.000000 315.000000
250.000000 573.000000 153.000000
308.000000 342.000000 273.000000
263.000000 607.000000 170.000000
370.000000 475.000000 355.000000
330.000000 330.000000 335.000000
370.000000 560.000000 360.000000
147.000000 673.000000 93.000000
275.000000 640.000000 190.000000
235.000000 507.000000 112.000000
240.000000 467.000000 113.000000
380.000000 600.000000 375.000000
215.000000 430.000000 95.000000
95.000000 735.000000 85.000000
395.000000 520.000000 375.000000
357.000000 323.000000 367.000000
400.000000 480.000000 405.000000
355.000000 695.000000 370.000000
180.000000 345.000000 90.000000
400.000000 540.000000 405.000000
293.000000 677.000000 200.000000
350.000000 707.000000 333.000000
390.000000 640.000000 400.000000
385.000000 360.000000 385.000000
373.000000 700.000000 390.000000
290.000000 350.000000 167.000000
138.000000 252.000000 96.000000
215.000000 690.000000 100.000000
278.000000 660.000000 140.000000
338.000000 292.000000 248.000000
435.000000 540.000000 425.000000
317.000000 310.000000 190.000000
225.000000 300.000000 90.000000
426.000000 656.000000 432.000000
133.000000 183.000000 103.000000
255.000000 320.000000 90.000000
455.000000 430.000000 400.000000
375.000000 265.000000 280.000000
365.000000 735.000000 240.000000
465.000000 555.000000 402.000000
463.000000 610.000000 400.000000
453.000000 357.000000 387.000000
485.000000 470.000000 438.000000
207.000000 180.000000 93.000000
472.000000 650.000000 395.000000
280.000000 770.000000 100.000000
207.000000 830.000000 80.000000
190.000000 125.000000 100.000000
472.000000 728.000000 402.000000
185.000000 870.000000 70.000000
495.000000 715.000000 415.000000
520.000000 400.000000 380.000000
470.000000 250.000000 360.000000
530.000000 533.000000 370.000000
518.000000 656.000000 430.000000
535.000000 470.000000 355.000000
497.000000 740.000000 390.000000
500.000000 257.000000 340.000000
555.000000 570.000000 365.000000
475.000000 760.000000 255.000000
545.000000 360.000000 370.000000
520.000000 265.000000 360.000000
340.000000 130.000000 98.000000
530.000000 265.000000 300.000000
550.000000 285.000000 340.000000
585.000000 405.000000 335.000000
405.000000 188.000000 95.000000
513.000000 757.000000 223.000000
290.000000 915.000000 55.000000
583.000000 357.000000 340.000000
560.000000 288.000000 270.000000
377.000000 877.000000 77.000000
610.000000 420.000000 315.000000
545.000000 275.000000 210.000000
620.000000 508.000000 310.000000
445.000000 822.000000 92.000000
602.000000 350.000000 290.000000
600.000000 685.000000 302.000000
370.000000 60.000000 108.000000
590.000000 705.000000 255.000000
501.000000 776.000000 108.000000
633.000000 597.000000 313.000000
595.000000 315.000000 240.000000
623.000000 393.000000 273.000000
575.000000 285.000000 200.000000
437.000000 113.000000 107.000000
557.000000 273.000000 150.000000
643.000000 530.000000 260.000000
615.000000 350.000000 220.000000
640.000000 602.000000 262.000000
652.000000 485.000000 215.000000
645.000000 418.000000 198.000000
440.000000 925.000000 58.000000
622.000000 680.000000 158.000000
585.000000 280.000000 100.000000
610.000000 390.000000 85.000000
660.000000 497.000000 170.000000
645.000000 400.000000 150.000000
657.000000 607.000000 170.000000
660.000000 440.000000 160.000000
625.000000 325.000000 95.000000
610.000000 755.000000 95.000000
673.000000 567.000000 137.000000
440.000000 970.000000 30.000000
662.000000 372.000000 100.000000
550.000000 80.000000 103.000000
695.000000 445.000000 135.000000
688.000000 555.000000 108.000000
673.000000 393.000000 90.000000
527.000000 33.000000 103.000000
680.000000 660.000000 95.000000
560.000000 915.000000 65.000000
610.000000 880.000000 85.000000
540.000000 955.000000 45.000000
715.000000 670.000000 85.000000
750.000000 585.000000 85.000000
740.000000 337.000000 87.000000
670.000000 83.000000 97.000000
685.000000 925.000000 75.000000
735.000000 860.000000 85.000000
787.000000 187.000000 87.000000
825.000000 292.000000 82.000000
