633.000000 597.000000 313.000000
620.000000 508.000000 310.000000
643.000000 530.000000 260.000000
600.000000 560.000000 338.000000
640.000000 602.000000 262.000000
610.000000 420.000000 315.000000
652.000000 485.000000 215.000000
623.000000 393.000000 273.000000
657.000000 560.000000 190.000000
780.000000 485.000000 80.000000
585.000000 405.000000 335.000000
696.000000 498.000000 134.000000
660.000000 497.000000 170.000000
645.000000 418.000000 198.000000
645.000000 630.000000 210.000000
583.000000 357.000000 340.000000
555.000000 570.000000 365.000000
660.000000 440.000000 160.000000
602.000000 350.000000 290.000000
750.000000 585.000000 85.000000
657.000000 607.000000 170.000000
600.000000 685.000000 302.000000
720.000000 500.000000 85.000000
825.000000 292.000000 82.000000
535.000000 470.000000 355.000000
685.000000 578.000000 112.000000
530.000000 533.000000 370.000000
785.000000 700.000000 85.000000
615.000000 350.000000 220.000000
692.000000 582.000000 98.000000
645.000000 400.000000 150.000000
545.000000 360.000000 370.000000
568.000000 315.000000 340.000000
740.000000 337.000000 87.000000
548.000000 692.000000 410.000000
623.000000 360.000000 180.000000
645.000000 645.000000 145.000000
520.000000 400.000000 380.000000
595.000000 315.000000 240.000000
590.000000 705.000000 255.000000
715.000000 670.000000 85.000000
673.000000 393.000000 90.000000
680.000000 660.000000 95.000000
550.000000 285.000000 340.000000
485.000000 470.000000 438.000000
730.000000 267.000000 83.000000
560.000000 288.000000 270.000000
590.000000 303.000000 180.000000
787.000000 187.000000 87.000000
778.000000 812.000000 82.000000
600.000000 485.000000 90.000000
463.000000 610.000000 400.000000
472.000000 650.000000 395.000000
530.000000 265.000000 300.000000
435.000000 540.000000 425.000000
545.000000 275.000000 210.000000
453.000000 357.000000 387.000000
500.000000 257.000000 340.000000
708.000000 172.000000 90.000000
450.000000 320.000000 395.000000
735.000000 860.000000 85.000000
557.000000 273.000000 150.000000
630.000000 780.000000 95.000000
615.000000 245.000000 90.000000
370.000000 475.000000 355.000000
457.000000 250.000000 237.000000
685.000000 925.000000 75.000000
605.000000 130.000000 95.000000
610.000000 880.000000 85.000000
620.000000 83.000000 97.000000
400.000000 745.000000 255.000000
520.000000 170.000000 95.000000
320.000000 580.000000 340.000000
330.000000 330.000000 335.000000
320.000000 670.000000 315.000000
550.000000 80.000000 103.000000
560.000000 915.000000 65.000000
308.000000 342.000000 273.000000
500.000000 890.000000 83.000000
272.000000 450.000000 268.000000
285.000000 640.000000 240.000000
527.000000 33.000000 103.000000
480.000000 75.000000 105.000000
280.000000 390.000000 228.000000
262.000000 572.000000 216.000000
290.000000 350.000000 167.000000
275.000000 640.000000 190.000000
263.000000 607.000000 170.000000
255.000000 450.000000 175.000000
278.000000 660.000000 140.000000
244.000000 532.000000 144.000000
267.000000 657.000000 113.000000
440.000000 970.000000 30.000000
370.000000 60.000000 108.000000
255.000000 320.000000 90.000000
215.000000 430.000000 95.000000
225.000000 300.000000 90.000000
263.000000 170.000000 93.000000
347.000000 947.000000 43.000000
180.000000 528.000000 95.000000
290.000000 915.000000 55.000000
