480.000000 590.000000 90.000000
377.000000 553.000000 90.000000
553.000000 563.000000 90.000000
340.000000 330.000000 85.000000
660.000000 630.000000 110.000000
235.000000 495.000000 137.000000
283.000000 343.000000 127.000000
620.000000 290.000000 90.000000
676.000000 626.000000 126.000000
585.000000 285.000000 125.000000
617.000000 717.000000 127.000000
177.000000 457.000000 93.000000
252.000000 512.000000 195.000000
748.000000 418.000000 82.000000
415.000000 248.000000 165.000000
380.000000 262.000000 172.000000
675.000000 735.000000 95.000000
578.000000 800.000000 95.000000
520.000000 818.000000 95.000000
820.000000 520.000000 77.000000
335.000000 705.000000 275.000000
423.000000 253.000000 277.000000
310.000000 623.000000 330.000000
475.000000 250.000000 300.000000
170.000000 165.000000 100.000000
390.000000 263.000000 343.000000
486.000000 503.000000 429.000000
498.000000 442.000000 425.000000
423.000000 253.000000 363.000000
430.000000 505.000000 435.000000
484.000000 396.000000 424.000000
465.000000 30.000000 108.000000
475.000000 340.000000 410.000000
523.000000 330.000000 403.000000
498.000000 550.000000 435.000000
415.000000 485.000000 440.000000
493.000000 253.000000 380.000000
386.000000 302.000000 400.000000
435.000000 295.000000 405.000000
418.000000 366.000000 430.000000
410.000000 627.000000 440.000000
386.000000 684.000000 420.000000
