527.000000 33.000000 103.000000
575.000000 285.000000 200.000000
535.000000 265.000000 175.000000
530.000000 265.000000 300.000000
620.000000 290.000000 90.000000
527.000000 240.000000 107.000000
517.000000 223.000000 90.000000
605.000000 315.000000 155.000000
497.000000 250.000000 183.000000
550.000000 285.000000 340.000000
520.000000 265.000000 360.000000
475.000000 250.000000 300.000000
568.000000 315.000000 340.000000
457.000000 250.000000 237.000000
623.000000 360.000000 180.000000
537.000000 290.000000 383.000000
493.000000 253.000000 380.000000
636.000000 358.000000 134.000000
465.000000 222.000000 95.000000
460.000000 248.000000 155.000000
450.000000 250.000000 205.000000
470.000000 250.000000 360.000000
583.000000 357.000000 340.000000
662.000000 372.000000 100.000000
623.000000 393.000000 273.000000
415.000000 248.000000 165.000000
423.000000 253.000000 363.000000
645.000000 418.000000 198.000000
408.000000 244.000000 124.000000
670.000000 420.000000 127.000000
390.000000 260.000000 232.000000
748.000000 418.000000 82.000000
660.000000 440.000000 160.000000
390.000000 263.000000 343.000000
380.000000 262.000000 172.000000
695.000000 445.000000 135.000000
375.000000 275.000000 365.000000
453.000000 357.000000 387.000000
675.000000 475.000000 135.000000
342.000000 280.000000 185.000000
338.000000 292.000000 248.000000
518.000000 432.000000 378.000000
660.000000 497.000000 170.000000
643.000000 530.000000 260.000000
875.000000 505.000000 75.000000
673.000000 567.000000 137.000000
315.000000 388.000000 330.000000
283.000000 343.000000 127.000000
486.000000 503.000000 429.000000
280.000000 390.000000 228.000000
640.000000 602.000000 262.000000
633.000000 597.000000 313.000000
553.000000 563.000000 90.000000
225.000000 300.000000 90.000000
138.000000 252.000000 96.000000
377.000000 553.000000 90.000000
235.000000 495.000000 137.000000
147.000000 403.000000 97.000000
390.000000 640.000000 400.000000
244.000000 556.000000 110.000000
250.000000 573.000000 153.000000
495.000000 715.000000 415.000000
386.000000 684.000000 420.000000
472.000000 728.000000 402.000000
278.000000 660.000000 140.000000
335.000000 705.000000 275.000000
267.000000 657.000000 113.000000
778.000000 812.000000 82.000000
735.000000 860.000000 85.000000
