465.000000 555.000000 402.000000
455.000000 430.000000 400.000000
484.000000 396.000000 424.000000
463.000000 610.000000 400.000000
520.000000 400.000000 380.000000
472.000000 650.000000 395.000000
475.000000 340.000000 410.000000
370.000000 560.000000 360.000000
555.000000 570.000000 365.000000
453.000000 357.000000 387.000000
414.000000 696.000000 432.000000
386.000000 684.000000 420.000000
450.000000 320.000000 395.000000
548.000000 692.000000 410.000000
495.000000 715.000000 415.000000
435.000000 295.000000 405.000000
567.000000 667.000000 380.000000
386.000000 302.000000 400.000000
320.000000 580.000000 340.000000
585.000000 405.000000 335.000000
357.000000 323.000000 367.000000
330.000000 650.000000 345.000000
583.000000 357.000000 340.000000
310.000000 623.000000 330.000000
610.000000 420.000000 315.000000
300.000000 600.000000 320.000000
493.000000 253.000000 380.000000
350.000000 707.000000 333.000000
293.000000 410.000000 297.000000
320.000000 670.000000 315.000000
640.000000 602.000000 262.000000
475.000000 250.000000 300.000000
652.000000 485.000000 215.000000
615.000000 350.000000 220.000000
645.000000 630.000000 210.000000
252.000000 512.000000 195.000000
545.000000 275.000000 210.000000
660.000000 497.000000 170.000000
623.000000 360.000000 180.000000
255.000000 450.000000 175.000000
660.000000 440.000000 160.000000
497.000000 250.000000 183.000000
645.000000 400.000000 150.000000
250.000000 573.000000 153.000000
673.000000 567.000000 137.000000
235.000000 495.000000 137.000000
557.000000 273.000000 150.000000
380.000000 750.000000 145.000000
495.000000 770.000000 145.000000
501.000000 776.000000 108.000000
