567.000000 667.000000 380.000000
590.000000 705.000000 255.000000
320.000000 670.000000 315.000000
330.000000 650.000000 345.000000
630.000000 780.000000 95.000000
293.000000 677.000000 200.000000
285.000000 640.000000 240.000000
435.000000 540.000000 425.000000
215.000000 690.000000 100.000000
657.000000 607.000000 170.000000
262.000000 572.000000 216.000000
244.000000 532.000000 144.000000
520.000000 400.000000 380.000000
240.000000 467.000000 113.000000
645.000000 400.000000 150.000000
207.000000 180.000000 93.000000
