285.000000 540.000000 300.000000
265.000000 538.000000 258.000000
300.000000 600.000000 320.000000
293.000000 410.000000 297.000000
88.000000 330.000000 97.000000
370.000000 560.000000 360.000000
380.000000 600.000000 375.000000
395.000000 520.000000 375.000000
357.000000 323.000000 367.000000
355.000000 695.000000 370.000000
400.000000 540.000000 405.000000
390.000000 640.000000 400.000000
385.000000 360.000000 385.000000
373.000000 700.000000 390.000000
338.000000 292.000000 248.000000
317.000000 310.000000 190.000000
426.000000 656.000000 432.000000
133.000000 183.000000 103.000000
365.000000 735.000000 240.000000
465.000000 555.000000 402.000000
472.000000 728.000000 402.000000
185.000000 870.000000 70.000000
495.000000 715.000000 415.000000
518.000000 656.000000 430.000000
497.000000 740.000000 390.000000
475.000000 760.000000 255.000000
501.000000 776.000000 108.000000
440.000000 925.000000 58.000000
622.000000 680.000000 158.000000
625.000000 325.000000 95.000000
673.000000 567.000000 137.000000
662.000000 372.000000 100.000000
695.000000 445.000000 135.000000
688.000000 555.000000 108.000000
