670.000000 580.000000 130.000000
550.000000 570.000000 90.000000
620.000000 680.000000 200.000000
770.000000 280.000000 80.000000
90.000000 330.000000 90.000000
640.000000 590.000000 300.000000
610.000000 650.000000 330.000000
540.000000 520.000000 350.000000
510.000000 260.000000 330.000000
460.000000 740.000000 350.000000
460.000000 540.000000 400.000000
470.000000 660.000000 390.000000
560.000000 310.000000 360.000000
460.000000 740.000000 380.000000
620.000000 140.000000 100.000000
460.000000 230.000000 90.000000
430.000000 660.000000 430.000000
140.000000 170.000000 100.000000
370.000000 740.000000 230.000000
470.000000 560.000000 400.000000
490.000000 740.000000 400.000000
200.000000 880.000000 60.000000
500.000000 720.000000 420.000000
520.000000 650.000000 430.000000
510.000000 740.000000 390.000000
490.000000 760.000000 250.000000
500.000000 780.000000 100.000000
460.000000 940.000000 50.000000
780.000000 720.000000 90.000000
630.000000 320.000000 100.000000
680.000000 570.000000 130.000000
670.000000 370.000000 100.000000
700.000000 450.000000 140.000000
690.000000 550.000000 100.000000
