730.000000 780.000000 85.000000
675.000000 735.000000 95.000000
692.000000 582.000000 98.000000
730.000000 890.000000 80.000000
645.000000 645.000000 145.000000
657.000000 560.000000 190.000000
696.000000 498.000000 134.000000
620.000000 665.000000 255.000000
600.000000 685.000000 302.000000
590.000000 705.000000 255.000000
590.000000 720.000000 162.000000
600.000000 560.000000 338.000000
567.000000 667.000000 380.000000
555.000000 715.000000 375.000000
645.000000 400.000000 150.000000
534.000000 760.000000 136.000000
548.000000 692.000000 410.000000
527.000000 737.000000 343.000000
636.000000 358.000000 134.000000
623.000000 360.000000 180.000000
530.000000 533.000000 370.000000
585.000000 405.000000 335.000000
560.000000 915.000000 65.000000
615.000000 350.000000 220.000000
462.000000 762.000000 188.000000
595.000000 315.000000 240.000000
450.000000 740.000000 340.000000
463.000000 610.000000 400.000000
518.000000 432.000000 378.000000
590.000000 303.000000 180.000000
545.000000 360.000000 370.000000
520.000000 400.000000 380.000000
568.000000 315.000000 340.000000
400.000000 745.000000 255.000000
455.000000 470.000000 385.000000
550.000000 285.000000 340.000000
708.000000 172.000000 90.000000
523.000000 330.000000 403.000000
484.000000 396.000000 424.000000
440.000000 925.000000 58.000000
537.000000 290.000000 383.000000
535.000000 265.000000 175.000000
453.000000 357.000000 387.000000
335.000000 705.000000 275.000000
500.000000 257.000000 340.000000
497.000000 250.000000 183.000000
310.000000 695.000000 175.000000
605.000000 130.000000 95.000000
408.000000 330.000000 422.000000
347.000000 947.000000 43.000000
415.000000 248.000000 165.000000
386.000000 302.000000 400.000000
340.000000 330.000000 85.000000
550.000000 80.000000 103.000000
342.000000 280.000000 185.000000
250.000000 467.000000 150.000000
273.000000 387.000000 163.000000
235.000000 507.000000 112.000000
309.000000 309.000000 133.000000
283.000000 343.000000 127.000000
207.000000 830.000000 80.000000
480.000000 75.000000 105.000000
70.000000 517.000000 97.000000
87.000000 430.000000 97.000000
170.000000 165.000000 100.000000
