675.000000 735.000000 95.000000
500.000000 890.000000 83.000000
520.000000 818.000000 95.000000
607.000000 697.000000 213.000000
525.000000 745.000000 285.000000
585.000000 705.000000 320.000000
600.000000 685.000000 302.000000
570.000000 710.000000 350.000000
715.000000 670.000000 85.000000
555.000000 715.000000 375.000000
525.000000 735.000000 370.000000
462.000000 762.000000 188.000000
497.000000 740.000000 390.000000
615.000000 640.000000 322.000000
660.000000 630.000000 110.000000
633.000000 597.000000 313.000000
428.000000 740.000000 365.000000
387.000000 773.000000 110.000000
347.000000 947.000000 43.000000
673.000000 567.000000 137.000000
657.000000 560.000000 190.000000
370.000000 730.000000 315.000000
350.000000 733.000000 183.000000
643.000000 530.000000 260.000000
555.000000 570.000000 365.000000
696.000000 498.000000 134.000000
652.000000 485.000000 215.000000
675.000000 475.000000 135.000000
207.000000 830.000000 80.000000
278.000000 660.000000 140.000000
455.000000 470.000000 385.000000
868.000000 388.000000 72.000000
262.000000 572.000000 216.000000
520.000000 400.000000 380.000000
545.000000 360.000000 370.000000
625.000000 325.000000 95.000000
453.000000 357.000000 387.000000
523.000000 330.000000 403.000000
605.000000 300.000000 110.000000
825.000000 292.000000 82.000000
250.000000 467.000000 150.000000
360.000000 375.000000 362.000000
535.000000 265.000000 175.000000
497.000000 250.000000 183.000000
527.000000 240.000000 107.000000
55.000000 610.000000 90.000000
375.000000 275.000000 365.000000
342.000000 280.000000 185.000000
408.000000 244.000000 124.000000
147.000000 403.000000 97.000000
305.000000 278.000000 95.000000
207.000000 180.000000 93.000000
