570.000000 660.000000 380.000000
680.000000 450.000000 120.000000
260.000000 510.000000 260.000000
320.000000 610.000000 340.000000
640.000000 770.000000 90.000000
290.000000 670.000000 190.000000
270.000000 600.000000 220.000000
430.000000 410.000000 420.000000
210.000000 680.000000 100.000000
660.000000 600.000000 160.000000
250.000000 530.000000 200.000000
240.000000 520.000000 140.000000
530.000000 270.000000 360.000000
240.000000 460.000000 110.000000
660.000000 320.000000 110.000000
200.000000 160.000000 90.000000
