530 730 369
510 760 209
510 290 419
310 310 119
300 690 169
390 730 359
230 660 99
260 600 159
380 260 239
240 560 109
520 320 409
300 660 269
420 280 409
160 520 89
340 270 119
880 630 69
590 310 229
230 500 139
150 660 89
540 740 309
680 580 129
550 570 89
370 280 359
410 370 429
690 520 109
610 610 349
680 630 129
680 580 109
420 560 439
280 670 139
560 260 79
280 930 49
270 380 159
380 370 379
890 560 59
520 440 369
590 40 99
470 60 99
250 460 149
400 440 399
620 630 319
500 440 429
720 790 79
510 250 129
660 630 99
340 530 349
570 760 99
670 930 69
400 610 419
250 600 139
610 710 99
660 600 129
520 610 429
660 290 99
460 270 389
660 540 189
310 310 89
410 780 99
640 350 89
660 610 99
120 480 89
460 230 89
430 660 429
270 630 199
550 750 209
580 280 89
430 510 429
420 910 59
670 400 109
250 390 109
100 600 99
530 100 109
690 560 109
630 320 119
270 550 269
210 680 99
510 130 99
610 690 229
430 300 409
640 510 259
680 610 99
130 410 99
400 550 399
480 360 419
250 440 99
250 460 179
540 270 199
640 670 129
590 810 89
680 570 129
410 750 289
480 480 439
500 260 309
690 440 129
240 540 139
650 470 219
480 240 89
80 640 99
420 510 449
500 780 99
480 740 359
300 340 169
560 250 89
450 420 389
370 270 269
420 740 369
370 750 139
530 730 399
350 740 109
500 770 149
230 500 109
410 770 129
500 740 339
440 250 329
500 260 349
410 290 419
500 550 439
320 650 329
880 400 69
550 700 409
570 360 349
580 480 339
520 560 399
270 450 259
130 260 89
670 420 119
550 280 79
250 560 209
660 340 99
310 320 189
240 580 109
560 270 119
220 180 99
360 570 359
500 370 429
410 760 189
320 430 89
170 320 89
680 520 89
270 760 99
590 700 299
340 270 89
300 690 139
510 170 99
470 250 309
180 130 99
380 260 179
490 250 179
260 240 89
290 670 189
800 200 89
350 740 159
480 390 429
430 420 429
350 780 99
440 760 229
660 430 149
310 390 329
250 620 139
460 250 249
520 240 109
260 80 99
420 970 29
50 650 89
330 950 39
520 750 289
600 350 309
30 430 99
220 610 99
530 480 359
520 250 79
660 600 159
510 750 309
340 280 189
540 750 179
630 700 99
560 930 59
500 260 249
580 710 259
520 650 429
680 540 129
630 510 299
700 550 99
650 320 109
480 240 119
360 730 249
530 260 179
390 740 259
550 280 329
390 530 369
580 740 99
460 760 169
270 370 99
710 680 89
670 610 129
260 650 109
600 300 119
520 490 369
470 340 399
30 570 89
60 690 79
600 760 89
250 510 209
570 280 189
750 420 89
540 220 89
690 830 89
460 600 389
610 960 49
240 560 139
580 290 129
260 370 119
250 600 109
650 680 99
240 440 129
620 790 99
280 630 249
560 140 99
580 740 129
540 970 39
310 630 339
440 740 329
550 580 369
720 490 79
690 590 99
600 260 89
380 280 379
520 250 149
490 710 409
330 320 329
690 500 99
540 730 329
690 460 109
570 700 389
400 390 399
670 330 89
450 300 379
630 690 129
440 230 99
300 530 319
280 350 129
320 710 149
380 250 89
410 440 439
260 180 89
270 370 129
410 510 429
550 400 349
410 170 89
410 320 419
500 320 429
620 720 129
450 390 389
720 900 79
450 460 379
560 620 369
630 180 89
480 290 409
140 170 99
440 250 209
210 240 89
710 260 79
90 330 89
170 590 89
100 420 99
250 620 119
480 200 89
550 270 139
350 290 349
520 240 119
340 700 329
780 640 79
250 600 129
140 830 79
680 450 119
250 420 129
760 810 89
780 720 89
210 450 99
760 490 89
630 410 269
340 280 239
670 390 99
410 630 449
410 720 409
350 290 299
660 310 99
370 700 379
510 240 79
890 440 79
400 490 399
710 510 109
680 430 99
820 450 69
570 190 99
300 570 329
680 670 89
420 250 289
560 720 279
320 200 89
700 160 89
160 150 99
350 690 379
440 230 119
250 330 89
520 230 89
60 510 89
500 240 89
570 710 339
30 460 109
820 790 79
640 640 219
620 330 89
310 350 279
140 760 89
590 120 89
450 500 389
820 320 79
210 580 99
370 650 379
30 540 89
640 650 139
460 760 259
390 260 349
330 700 279
40 410 99
500 260 379
420 250 389
90 540 89
540 250 119
230 910 49
460 750 309
690 500 139
60 690 89
630 360 169
380 560 89
460 590 89
280 470 289
420 250 369
430 780 109
640 390 159
370 760 109
460 770 99
590 720 169
820 790 89
460 580 379
430 600 439
220 310 89
410 260 329
350 140 99
680 460 129
280 400 229
720 850 79
510 260 359
300 590 319
470 640 389
350 810 99
330 350 89
500 750 279
320 280 99
290 670 159
680 90 99
250 580 149
290 830 89
490 420 439
610 340 209
640 400 189
500 750 319
520 260 289
690 520 129
610 410 309
590 510 89
670 440 129
370 610 369
510 250 159
330 730 129
320 680 309
590 560 339
610 370 79
540 370 369
480 270 399
410 390 429
310 460 329
610 90 99
600 310 149
350 740 189
560 750 89
570 660 379
680 670 119
170 860 79
440 320 399
630 610 309
700 470 129
630 870 79
680 430 129
330 680 339
750 570 79
160 460 99
210 760 99
350 750 129
610 670 259
570 260 99
410 250 169
710 450 89
630 830 89
370 260 119
570 40 109
530 830 89
470 250 349
570 260 89
660 340 109
260 420 179
590 330 79
710 470 109
520 740 339
450 250 159
470 30 109
30 500 99
610 300 89
460 780 129
580 710 309
680 460 99
400 240 119
560 760 129
500 980 29
410 490 439
690 630 99
450 730 409
490 740 379
700 480 99
670 740 99
540 770 109
560 380 349
360 460 349
450 120 109
600 730 119
590 670 349
530 290 389
460 810 99
390 630 389
350 330 359
680 780 89
480 500 429
850 590 69
890 480 69
420 700 429
530 540 369
320 700 229
640 350 129
580 420 339
520 750 249
360 820 89
510 370 399
730 730 79
390 770 119
250 830 89
670 470 139
380 740 279
260 620 109
240 460 109
290 700 129
450 510 379
550 720 379
380 690 419
470 680 399
430 540 439
590 300 169
550 280 279
30 460 99
380 440 359
290 410 279
470 160 99
830 520 79
390 280 399
810 730 79
660 380 99
450 360 379
660 650 109
330 720 209
540 70 99
640 450 259
680 480 99
510 410 379
630 450 299
430 480 429
540 730 389
660 390 129
290 700 109
520 700 429
280 530 289
520 30 99
350 360 359
390 870 79
720 350 89
860 500 79
80 740 79
190 830 79
360 80 109
400 590 399
370 520 349
280 590 289
530 760 129
470 720 409
300 510 329
490 880 79
570 300 329
390 300 409
620 680 169
40 380 99
860 530 69
40 610 89
660 490 159
510 280 399
690 450 99
340 750 139
400 570 379
360 730 299
560 440 339
670 840 79
640 610 259
470 560 399
