387.000000 773.000000 110.000000
350.000000 733.000000 183.000000
390.000000 740.000000 295.000000
370.000000 730.000000 315.000000
335.000000 705.000000 275.000000
462.000000 762.000000 188.000000
310.000000 695.000000 175.000000
350.000000 707.000000 333.000000
428.000000 740.000000 365.000000
450.000000 740.000000 340.000000
495.000000 770.000000 145.000000
355.000000 695.000000 370.000000
475.000000 745.000000 365.000000
373.000000 700.000000 390.000000
525.000000 745.000000 285.000000
530.000000 745.000000 255.000000
538.000000 755.000000 173.000000
534.000000 760.000000 136.000000
275.000000 640.000000 190.000000
497.000000 740.000000 390.000000
610.000000 880.000000 85.000000
147.000000 673.000000 93.000000
525.000000 735.000000 370.000000
310.000000 623.000000 330.000000
263.000000 607.000000 170.000000
555.000000 715.000000 375.000000
590.000000 720.000000 162.000000
262.000000 572.000000 216.000000
585.000000 705.000000 320.000000
320.000000 580.000000 340.000000
380.000000 600.000000 375.000000
265.000000 538.000000 258.000000
730.000000 890.000000 80.000000
615.000000 640.000000 322.000000
70.000000 517.000000 97.000000
778.000000 812.000000 82.000000
370.000000 475.000000 355.000000
177.000000 457.000000 93.000000
486.000000 503.000000 429.000000
455.000000 470.000000 385.000000
673.000000 567.000000 137.000000
412.000000 448.000000 438.000000
273.000000 387.000000 163.000000
45.000000 435.000000 100.000000
455.000000 430.000000 400.000000
600.000000 485.000000 90.000000
675.000000 475.000000 135.000000
453.000000 357.000000 387.000000
340.000000 330.000000 85.000000
303.000000 308.000000 93.000000
386.000000 302.000000 400.000000
523.000000 330.000000 403.000000
636.000000 358.000000 134.000000
458.000000 276.000000 394.000000
605.000000 315.000000 155.000000
875.000000 530.000000 70.000000
625.000000 325.000000 95.000000
425.000000 255.000000 385.000000
535.000000 265.000000 175.000000
585.000000 280.000000 100.000000
740.000000 337.000000 87.000000
207.000000 180.000000 93.000000
437.000000 113.000000 107.000000
