633.000000 597.000000 313.000000
620.000000 508.000000 310.000000
600.000000 560.000000 338.000000
623.000000 393.000000 273.000000
657.000000 560.000000 190.000000
602.000000 350.000000 290.000000
600.000000 685.000000 302.000000
535.000000 470.000000 355.000000
685.000000 578.000000 112.000000
615.000000 350.000000 220.000000
548.000000 692.000000 410.000000
645.000000 645.000000 145.000000
595.000000 315.000000 240.000000
550.000000 285.000000 340.000000
485.000000 470.000000 438.000000
560.000000 288.000000 270.000000
590.000000 303.000000 180.000000
463.000000 610.000000 400.000000
472.000000 650.000000 395.000000
530.000000 265.000000 300.000000
545.000000 275.000000 210.000000
453.000000 357.000000 387.000000
500.000000 257.000000 340.000000
450.000000 320.000000 395.000000
557.000000 273.000000 150.000000
605.000000 130.000000 95.000000
550.000000 80.000000 103.000000
560.000000 915.000000 65.000000
527.000000 33.000000 103.000000
480.000000 75.000000 105.000000
255.000000 450.000000 175.000000
267.000000 657.000000 113.000000
347.000000 947.000000 43.000000
