835.000000 602.000000 75.000000
695.000000 445.000000 135.000000
696.000000 498.000000 134.000000
730.000000 267.000000 83.000000
660.000000 440.000000 160.000000
685.000000 578.000000 112.000000
657.000000 560.000000 190.000000
692.000000 582.000000 98.000000
615.000000 350.000000 220.000000
708.000000 172.000000 90.000000
620.000000 508.000000 310.000000
657.000000 607.000000 170.000000
640.000000 602.000000 262.000000
625.000000 325.000000 95.000000
645.000000 630.000000 210.000000
585.000000 405.000000 335.000000
590.000000 303.000000 180.000000
645.000000 645.000000 145.000000
600.000000 560.000000 338.000000
575.000000 285.000000 200.000000
585.000000 285.000000 125.000000
568.000000 315.000000 340.000000
615.000000 640.000000 322.000000
622.000000 680.000000 158.000000
545.000000 360.000000 370.000000
550.000000 285.000000 340.000000
675.000000 735.000000 95.000000
607.000000 697.000000 213.000000
600.000000 685.000000 302.000000
555.000000 570.000000 365.000000
535.000000 265.000000 175.000000
530.000000 265.000000 300.000000
518.000000 432.000000 378.000000
590.000000 705.000000 255.000000
523.000000 330.000000 403.000000
512.000000 260.000000 245.000000
585.000000 705.000000 320.000000
590.000000 720.000000 162.000000
497.000000 250.000000 183.000000
500.000000 257.000000 340.000000
570.000000 710.000000 350.000000
486.000000 503.000000 429.000000
548.000000 692.000000 410.000000
550.000000 80.000000 103.000000
480.000000 590.000000 90.000000
458.000000 276.000000 394.000000
578.000000 800.000000 95.000000
422.000000 415.000000 430.000000
435.000000 540.000000 425.000000
423.000000 253.000000 363.000000
527.000000 33.000000 103.000000
495.000000 715.000000 415.000000
501.000000 776.000000 108.000000
375.000000 275.000000 365.000000
373.000000 287.000000 383.000000
342.000000 280.000000 185.000000
309.000000 309.000000 133.000000
387.000000 773.000000 110.000000
335.000000 705.000000 275.000000
270.000000 365.000000 98.000000
260.000000 375.000000 122.000000
248.000000 435.000000 105.000000
235.000000 495.000000 137.000000
440.000000 925.000000 58.000000
235.000000 507.000000 112.000000
267.000000 657.000000 113.000000
95.000000 640.000000 95.000000
45.000000 435.000000 100.000000
31.000000 571.000000 91.000000
