527.000000 33.000000 103.000000
787.000000 187.000000 87.000000
512.000000 260.000000 245.000000
535.000000 265.000000 175.000000
530.000000 265.000000 300.000000
527.000000 240.000000 107.000000
500.000000 257.000000 340.000000
585.000000 285.000000 125.000000
457.000000 250.000000 237.000000
590.000000 303.000000 180.000000
520.000000 265.000000 360.000000
465.000000 222.000000 95.000000
550.000000 285.000000 340.000000
493.000000 253.000000 380.000000
470.000000 250.000000 360.000000
605.000000 315.000000 155.000000
537.000000 290.000000 383.000000
415.000000 248.000000 165.000000
423.000000 253.000000 363.000000
425.000000 255.000000 385.000000
636.000000 358.000000 134.000000
583.000000 357.000000 340.000000
390.000000 263.000000 343.000000
375.000000 265.000000 280.000000
523.000000 330.000000 403.000000
375.000000 275.000000 365.000000
645.000000 400.000000 150.000000
342.000000 280.000000 185.000000
645.000000 418.000000 198.000000
338.000000 292.000000 248.000000
660.000000 440.000000 160.000000
748.000000 418.000000 82.000000
695.000000 445.000000 135.000000
330.000000 330.000000 335.000000
309.000000 309.000000 133.000000
868.000000 388.000000 72.000000
518.000000 432.000000 378.000000
675.000000 475.000000 135.000000
455.000000 430.000000 400.000000
660.000000 497.000000 170.000000
455.000000 470.000000 385.000000
280.000000 390.000000 228.000000
530.000000 533.000000 370.000000
875.000000 505.000000 75.000000
138.000000 252.000000 96.000000
633.000000 597.000000 313.000000
435.000000 540.000000 425.000000
147.000000 403.000000 97.000000
244.000000 556.000000 110.000000
267.000000 657.000000 113.000000
335.000000 705.000000 275.000000
778.000000 812.000000 82.000000
735.000000 860.000000 85.000000
