485.000000 470.000000 438.000000
435.000000 540.000000 425.000000
465.000000 555.000000 402.000000
455.000000 430.000000 400.000000
484.000000 396.000000 424.000000
410.000000 627.000000 440.000000
463.000000 610.000000 400.000000
418.000000 366.000000 430.000000
530.000000 533.000000 370.000000
520.000000 400.000000 380.000000
472.000000 650.000000 395.000000
475.000000 340.000000 410.000000
370.000000 560.000000 360.000000
555.000000 570.000000 365.000000
453.000000 357.000000 387.000000
414.000000 696.000000 432.000000
386.000000 684.000000 420.000000
450.000000 320.000000 395.000000
545.000000 360.000000 370.000000
548.000000 692.000000 410.000000
495.000000 715.000000 415.000000
435.000000 295.000000 405.000000
567.000000 667.000000 380.000000
600.000000 560.000000 338.000000
386.000000 302.000000 400.000000
320.000000 580.000000 340.000000
585.000000 405.000000 335.000000
357.000000 323.000000 367.000000
330.000000 650.000000 345.000000
583.000000 357.000000 340.000000
310.000000 623.000000 330.000000
610.000000 420.000000 315.000000
300.000000 600.000000 320.000000
493.000000 253.000000 380.000000
285.000000 540.000000 300.000000
423.000000 253.000000 363.000000
350.000000 707.000000 333.000000
293.000000 410.000000 297.000000
470.000000 250.000000 360.000000
320.000000 670.000000 315.000000
390.000000 263.000000 343.000000
602.000000 350.000000 290.000000
643.000000 530.000000 260.000000
640.000000 602.000000 262.000000
475.000000 250.000000 300.000000
420.000000 750.000000 285.000000
400.000000 745.000000 255.000000
280.000000 390.000000 228.000000
652.000000 485.000000 215.000000
595.000000 315.000000 240.000000
262.000000 572.000000 216.000000
512.000000 260.000000 245.000000
615.000000 350.000000 220.000000
365.000000 735.000000 240.000000
645.000000 630.000000 210.000000
645.000000 418.000000 198.000000
252.000000 512.000000 195.000000
657.000000 560.000000 190.000000
545.000000 275.000000 210.000000
575.000000 285.000000 200.000000
450.000000 250.000000 205.000000
660.000000 497.000000 170.000000
623.000000 360.000000 180.000000
255.000000 450.000000 175.000000
660.000000 440.000000 160.000000
497.000000 250.000000 183.000000
645.000000 400.000000 150.000000
250.000000 573.000000 153.000000
244.000000 532.000000 144.000000
415.000000 248.000000 165.000000
480.000000 590.000000 90.000000
673.000000 567.000000 137.000000
377.000000 553.000000 90.000000
235.000000 495.000000 137.000000
460.000000 248.000000 155.000000
557.000000 273.000000 150.000000
553.000000 563.000000 90.000000
380.000000 750.000000 145.000000
495.000000 770.000000 145.000000
240.000000 467.000000 113.000000
235.000000 507.000000 112.000000
408.000000 244.000000 124.000000
501.000000 776.000000 108.000000
680.000000 660.000000 95.000000
180.000000 528.000000 95.000000
465.000000 222.000000 95.000000
177.000000 457.000000 93.000000
215.000000 690.000000 100.000000
715.000000 670.000000 85.000000
520.000000 818.000000 95.000000
445.000000 822.000000 92.000000
630.000000 780.000000 95.000000
740.000000 337.000000 87.000000
87.000000 430.000000 97.000000
820.000000 520.000000 77.000000
340.000000 130.000000 98.000000
730.000000 780.000000 85.000000
377.000000 877.000000 77.000000
138.000000 252.000000 96.000000
45.000000 435.000000 100.000000
480.000000 75.000000 105.000000
55.000000 610.000000 90.000000
43.000000 367.000000 103.000000
825.000000 292.000000 82.000000
170.000000 165.000000 100.000000
95.000000 735.000000 85.000000
133.000000 183.000000 103.000000
440.000000 925.000000 58.000000
465.000000 30.000000 108.000000
787.000000 187.000000 87.000000
670.000000 83.000000 97.000000
290.000000 915.000000 55.000000
440.000000 970.000000 30.000000
