127.000000 53.000000 153.000000
145.000000 90.000000 155.000000
63.000000 183.000000 107.000000
90.000000 170.000000 77.000000
170.000000 150.000000 140.000000
120.000000 190.000000 140.000000
253.000000 107.000000 153.000000
118.000000 272.000000 155.000000
167.000000 260.000000 150.000000
75.000000 298.000000 152.000000
220.000000 230.000000 77.000000
260.000000 218.000000 128.000000
130.000000 328.000000 158.000000
278.000000 252.000000 125.000000
324.000000 254.000000 156.000000
77.000000 483.000000 160.000000
300.000000 400.000000 155.000000
298.000000 478.000000 148.000000
120.000000 602.000000 155.000000
75.000000 700.000000 75.000000
77.000000 713.000000 107.000000
85.000000 800.000000 85.000000
