340.000000 530.000000 150.000000
305.000000 540.000000 140.000000
298.000000 478.000000 148.000000
300.000000 400.000000 155.000000
315.000000 340.000000 160.000000
330.000000 720.000000 153.000000
270.000000 440.000000 140.000000
324.000000 254.000000 156.000000
235.000000 460.000000 140.000000
230.000000 425.000000 155.000000
275.000000 745.000000 125.000000
278.000000 252.000000 125.000000
255.000000 278.000000 162.000000
210.000000 420.000000 155.000000
200.000000 385.000000 170.000000
180.000000 412.000000 170.000000
188.000000 660.000000 155.000000
207.000000 743.000000 150.000000
210.000000 260.000000 160.000000
192.000000 212.000000 152.000000
114.000000 516.000000 152.000000
130.000000 328.000000 158.000000
207.000000 150.000000 170.000000
73.000000 543.000000 157.000000
80.000000 690.000000 150.000000
45.000000 460.000000 158.000000
65.000000 250.000000 150.000000
70.000000 790.000000 154.000000
160.000000 958.000000 202.000000
40.000000 247.000000 153.000000
81.000000 91.000000 151.000000
