324.000000 254.000000 156.000000
295.000000 125.000000 155.000000
278.000000 252.000000 125.000000
300.000000 400.000000 155.000000
337.000000 490.000000 153.000000
253.000000 107.000000 153.000000
340.000000 530.000000 150.000000
298.000000 478.000000 148.000000
330.000000 540.000000 160.000000
192.000000 212.000000 152.000000
167.000000 260.000000 150.000000
180.000000 412.000000 170.000000
145.000000 90.000000 155.000000
130.000000 328.000000 158.000000
118.000000 272.000000 155.000000
165.000000 480.000000 162.000000
100.000000 225.000000 170.000000
190.000000 550.000000 155.000000
275.000000 745.000000 125.000000
120.000000 602.000000 155.000000
154.000000 756.000000 79.000000
205.000000 805.000000 152.000000
