190.000000 890.000000 160.000000
180.000000 853.000000 140.000000
112.000000 858.000000 154.000000
160.000000 790.000000 152.000000
292.000000 756.000000 134.000000
80.000000 690.000000 150.000000
44.000000 634.000000 154.000000
73.000000 543.000000 157.000000
40.000000 540.000000 153.000000
200.000000 480.000000 140.000000
77.000000 483.000000 160.000000
160.000000 440.000000 140.000000
230.000000 425.000000 155.000000
183.000000 410.000000 140.000000
97.000000 357.000000 150.000000
130.000000 328.000000 158.000000
230.000000 325.000000 155.000000
50.000000 270.000000 155.000000
278.000000 252.000000 125.000000
90.000000 226.000000 132.000000
155.000000 215.000000 75.000000
250.000000 170.000000 155.000000
