290.000000 130.000000 150.000000
160.000000 210.000000 170.000000
270.000000 220.000000 130.000000
30.000000 330.000000 150.000000
90.000000 350.000000 170.000000
110.000000 260.000000 70.000000
50.000000 430.000000 160.000000
40.000000 200.000000 150.000000
320.000000 460.000000 160.000000
70.000000 400.000000 170.000000
250.000000 730.000000 160.000000
60.000000 530.000000 160.000000
40.000000 540.000000 160.000000
190.000000 890.000000 170.000000
30.000000 570.000000 150.000000
270.000000 760.000000 120.000000
190.000000 890.000000 150.000000
170.000000 940.000000 180.000000
110.000000 930.000000 180.000000
