130.000000 270.000000 170.000000
280.000000 120.000000 160.000000
270.000000 250.000000 120.000000
150.000000 470.000000 170.000000
330.000000 490.000000 150.000000
210.000000 90.000000 160.000000
340.000000 540.000000 150.000000
40.000000 650.000000 160.000000
320.000000 540.000000 160.000000
50.000000 210.000000 160.000000
60.000000 270.000000 150.000000
150.000000 420.000000 170.000000
120.000000 80.000000 160.000000
50.000000 340.000000 160.000000
70.000000 280.000000 160.000000
110.000000 510.000000 170.000000
80.000000 230.000000 170.000000
40.000000 650.000000 160.000000
270.000000 760.000000 120.000000
70.000000 640.000000 160.000000
150.000000 760.000000 80.000000
160.000000 860.000000 160.000000
