65.000000 385.000000 170.000000
40.000000 247.000000 153.000000
50.000000 270.000000 155.000000
77.000000 483.000000 160.000000
75.000000 298.000000 152.000000
97.000000 357.000000 150.000000
44.000000 634.000000 154.000000
110.000000 446.000000 158.000000
120.000000 410.000000 140.000000
114.000000 516.000000 152.000000
80.000000 690.000000 150.000000
180.000000 412.000000 170.000000
180.000000 350.000000 155.000000
70.000000 790.000000 154.000000
170.000000 150.000000 140.000000
230.000000 425.000000 155.000000
250.000000 530.000000 155.000000
255.000000 278.000000 162.000000
260.000000 218.000000 128.000000
250.000000 170.000000 155.000000
278.000000 252.000000 125.000000
207.000000 743.000000 150.000000
253.000000 107.000000 153.000000
328.000000 370.000000 152.000000
110.000000 917.000000 177.000000
320.000000 198.000000 155.000000
295.000000 125.000000 155.000000
275.000000 745.000000 125.000000
305.000000 690.000000 152.000000
180.000000 922.000000 182.000000
160.000000 958.000000 202.000000
292.000000 810.000000 155.000000
