235.000000 460.000000 140.000000
190.000000 550.000000 155.000000
270.000000 440.000000 140.000000
165.000000 480.000000 162.000000
114.000000 516.000000 152.000000
120.000000 410.000000 140.000000
305.000000 540.000000 140.000000
222.000000 385.000000 140.000000
110.000000 446.000000 158.000000
120.000000 602.000000 155.000000
180.000000 412.000000 170.000000
247.000000 607.000000 160.000000
340.000000 530.000000 150.000000
267.000000 357.000000 140.000000
200.000000 385.000000 170.000000
135.000000 395.000000 170.000000
330.000000 540.000000 160.000000
300.000000 400.000000 155.000000
333.000000 460.000000 157.000000
188.000000 660.000000 155.000000
180.000000 350.000000 155.000000
333.000000 430.000000 153.000000
42.000000 430.000000 152.000000
65.000000 620.000000 160.000000
328.000000 370.000000 152.000000
65.000000 385.000000 170.000000
53.000000 350.000000 150.000000
315.000000 340.000000 160.000000
305.000000 690.000000 152.000000
133.000000 720.000000 160.000000
207.000000 743.000000 150.000000
75.000000 298.000000 152.000000
167.000000 260.000000 150.000000
320.000000 298.000000 152.000000
255.000000 278.000000 162.000000
118.000000 272.000000 155.000000
330.000000 720.000000 153.000000
65.000000 250.000000 150.000000
192.000000 212.000000 152.000000
205.000000 805.000000 152.000000
100.000000 225.000000 170.000000
120.000000 190.000000 140.000000
275.000000 215.000000 170.000000
170.000000 150.000000 140.000000
212.000000 142.000000 140.000000
207.000000 150.000000 170.000000
160.000000 142.000000 168.000000
217.000000 883.000000 170.000000
253.000000 107.000000 153.000000
