80.000000 550.000000 170.000000
210.000000 550.000000 140.000000
40.000000 460.000000 160.000000
90.000000 350.000000 170.000000
170.000000 280.000000 170.000000
160.000000 810.000000 160.000000
210.000000 430.000000 140.000000
170.000000 170.000000 170.000000
170.000000 450.000000 140.000000
40.000000 400.000000 160.000000
270.000000 740.000000 120.000000
270.000000 250.000000 120.000000
120.000000 220.000000 170.000000
40.000000 400.000000 160.000000
150.000000 380.000000 170.000000
130.000000 400.000000 170.000000
80.000000 690.000000 160.000000
90.000000 790.000000 150.000000
120.000000 220.000000 170.000000
80.000000 160.000000 160.000000
30.000000 520.000000 160.000000
40.000000 300.000000 160.000000
200.000000 150.000000 170.000000
40.000000 540.000000 160.000000
40.000000 700.000000 150.000000
40.000000 460.000000 160.000000
40.000000 240.000000 150.000000
60.000000 790.000000 150.000000
150.000000 960.000000 200.000000
40.000000 240.000000 150.000000
80.000000 90.000000 150.000000
