194.000000 970.000000 209.000000
180.000000 922.000000 182.000000
217.000000 883.000000 170.000000
140.000000 900.000000 170.000000
233.000000 840.000000 157.000000
160.000000 867.000000 160.000000
112.000000 858.000000 154.000000
292.000000 756.000000 134.000000
207.000000 743.000000 150.000000
305.000000 720.000000 155.000000
305.000000 690.000000 152.000000
247.000000 607.000000 160.000000
190.000000 550.000000 155.000000
250.000000 530.000000 155.000000
114.000000 516.000000 152.000000
165.000000 480.000000 162.000000
235.000000 460.000000 140.000000
160.000000 440.000000 140.000000
230.000000 425.000000 155.000000
180.000000 350.000000 155.000000
315.000000 340.000000 160.000000
230.000000 325.000000 155.000000
155.000000 215.000000 75.000000
90.000000 226.000000 132.000000
250.000000 170.000000 155.000000
