65.000000 620.000000 160.000000
65.000000 385.000000 170.000000
120.000000 602.000000 155.000000
190.000000 550.000000 155.000000
180.000000 350.000000 155.000000
133.000000 720.000000 160.000000
118.000000 272.000000 155.000000
188.000000 660.000000 155.000000
222.000000 385.000000 140.000000
250.000000 530.000000 155.000000
100.000000 225.000000 170.000000
247.000000 607.000000 160.000000
207.000000 743.000000 150.000000
192.000000 212.000000 152.000000
205.000000 805.000000 152.000000
340.000000 530.000000 150.000000
170.000000 150.000000 140.000000
260.000000 218.000000 128.000000
110.000000 917.000000 177.000000
212.000000 142.000000 140.000000
324.000000 254.000000 156.000000
145.000000 90.000000 155.000000
292.000000 810.000000 155.000000
180.000000 922.000000 182.000000
160.000000 958.000000 202.000000
196.000000 71.000000 154.000000
