217.000000 950.000000 202.000000
180.000000 853.000000 140.000000
160.000000 867.000000 160.000000
140.000000 900.000000 170.000000
207.000000 743.000000 150.000000
330.000000 540.000000 160.000000
305.000000 540.000000 140.000000
80.000000 690.000000 150.000000
250.000000 530.000000 155.000000
120.000000 602.000000 155.000000
333.000000 460.000000 157.000000
200.000000 480.000000 140.000000
270.000000 440.000000 140.000000
114.000000 516.000000 152.000000
73.000000 543.000000 157.000000
230.000000 425.000000 155.000000
40.000000 540.000000 153.000000
210.000000 420.000000 155.000000
110.000000 446.000000 158.000000
222.000000 385.000000 140.000000
180.000000 350.000000 155.000000
230.000000 325.000000 155.000000
278.000000 252.000000 125.000000
210.000000 260.000000 160.000000
75.000000 298.000000 152.000000
155.000000 215.000000 75.000000
90.000000 226.000000 132.000000
52.000000 198.000000 153.000000
92.000000 165.000000 160.000000
253.000000 107.000000 153.000000
233.000000 37.000000 153.000000
