253.000000 107.000000 153.000000
212.000000 142.000000 140.000000
250.000000 170.000000 155.000000
92.000000 165.000000 160.000000
90.000000 170.000000 77.000000
120.000000 190.000000 140.000000
285.000000 185.000000 130.000000
155.000000 215.000000 75.000000
210.000000 260.000000 160.000000
230.000000 325.000000 155.000000
130.000000 328.000000 158.000000
53.000000 350.000000 150.000000
300.000000 400.000000 155.000000
120.000000 410.000000 140.000000
230.000000 425.000000 155.000000
333.000000 460.000000 157.000000
200.000000 480.000000 140.000000
165.000000 480.000000 162.000000
114.000000 516.000000 152.000000
323.000000 510.000000 157.000000
247.000000 607.000000 160.000000
44.000000 634.000000 154.000000
77.000000 713.000000 107.000000
207.000000 743.000000 150.000000
275.000000 745.000000 125.000000
205.000000 805.000000 152.000000
210.000000 865.000000 145.000000
265.000000 910.000000 175.000000
