130.000000 840.000000 160.000000
280.000000 520.000000 170.000000
210.000000 550.000000 170.000000
160.000000 860.000000 160.000000
170.000000 940.000000 180.000000
190.000000 870.000000 160.000000
190.000000 850.000000 140.000000
260.000000 200.000000 170.000000
320.000000 730.000000 160.000000
90.000000 350.000000 170.000000
330.000000 490.000000 160.000000
330.000000 490.000000 160.000000
320.000000 690.000000 150.000000
40.000000 240.000000 150.000000
320.000000 370.000000 160.000000
330.000000 240.000000 160.000000
300.000000 120.000000 160.000000
340.000000 370.000000 160.000000
340.000000 430.000000 150.000000
280.000000 120.000000 160.000000
340.000000 330.000000 160.000000
220.000000 220.000000 80.000000
280.000000 250.000000 120.000000
300.000000 120.000000 160.000000
320.000000 190.000000 150.000000
300.000000 120.000000 160.000000
