330.000000 720.000000 153.000000
210.000000 865.000000 145.000000
217.000000 950.000000 202.000000
190.000000 860.000000 160.000000
207.000000 743.000000 150.000000
330.000000 540.000000 160.000000
340.000000 530.000000 150.000000
305.000000 540.000000 140.000000
247.000000 607.000000 160.000000
133.000000 720.000000 160.000000
165.000000 480.000000 162.000000
65.000000 620.000000 160.000000
315.000000 340.000000 160.000000
73.000000 543.000000 157.000000
110.000000 446.000000 158.000000
77.000000 483.000000 160.000000
45.000000 512.000000 152.000000
324.000000 254.000000 156.000000
278.000000 252.000000 125.000000
130.000000 328.000000 158.000000
192.000000 212.000000 152.000000
75.000000 298.000000 152.000000
155.000000 215.000000 75.000000
50.000000 270.000000 155.000000
92.000000 165.000000 160.000000
196.000000 71.000000 154.000000
145.000000 90.000000 155.000000
