220.000000 260.000000 170.000000
60.000000 270.000000 150.000000
70.000000 180.000000 110.000000
70.000000 150.000000 150.000000
260.000000 420.000000 170.000000
190.000000 150.000000 170.000000
120.000000 220.000000 170.000000
150.000000 50.000000 150.000000
150.000000 430.000000 140.000000
190.000000 80.000000 160.000000
50.000000 540.000000 150.000000
320.000000 270.000000 160.000000
320.000000 210.000000 160.000000
340.000000 400.000000 160.000000
240.000000 60.000000 160.000000
190.000000 420.000000 170.000000
60.000000 650.000000 150.000000
160.000000 720.000000 170.000000
320.000000 460.000000 160.000000
310.000000 160.000000 160.000000
320.000000 460.000000 160.000000
280.000000 250.000000 120.000000
340.000000 260.000000 160.000000
330.000000 570.000000 160.000000
240.000000 840.000000 150.000000
280.000000 740.000000 120.000000
190.000000 870.000000 140.000000
110.000000 930.000000 180.000000
