170 480 169
120 710 169
260 730 109
210 480 139
290 190 39
260 190 79
320 740 119
70 200 119
260 750 119
190 420 139
30 370 159
110 250 39
310 790 49
150 50 159
60 730 99
110 750 119
60 210 99
40 490 159
100 720 39
190 390 169
70 250 139
60 730 119
260 420 169
100 180 99
260 250 79
150 150 169
160 30 159
260 180 59
310 270 59
130 60 149
110 890 159
70 740 89
210 430 139
280 180 89
230 380 139
300 800 69
290 750 129
60 710 89
250 530 169
90 160 149
110 210 39
320 190 149
320 510 149
260 260 49
100 250 39
70 640 159
110 710 49
60 200 89
30 330 149
160 890 159
280 270 69
100 760 89
310 170 79
310 750 99
190 760 89
310 780 99
80 190 119
310 730 39
110 800 99
100 260 109
310 740 29
310 750 89
70 600 139
80 710 49
90 780 119
110 760 109
110 790 79
100 750 29
220 770 79
220 40 149
210 890 179
100 220 79
280 180 109
260 350 169
270 210 79
40 570 149
60 790 69
270 240 89
310 740 89
80 550 169
260 110 159
270 750 99
190 230 79
60 260 69
190 230 89
310 750 109
80 690 159
110 230 59
320 190 109
30 490 149
60 710 49
270 210 59
70 770 89
260 200 39
170 450 139
120 220 79
310 760 89
280 890 159
70 270 59
80 90 149
110 210 89
270 220 79
300 730 119
280 350 139
110 200 139
210 950 209
60 200 69
60 790 49
70 740 69
90 800 79
190 920 189
40 490 149
280 710 99
330 730 149
70 310 139
260 720 99
280 770 119
290 790 39
250 60 149
340 330 159
270 930 179
110 240 89
60 230 99
250 220 69
320 370 159
260 790 69
260 510 139
60 220 109
320 600 149
290 270 79
150 230 89
320 800 79
110 780 99
310 180 89
90 170 69
190 30 149
300 760 69
180 740 69
280 800 99
190 420 169
290 110 149
190 240 79
320 220 29
110 780 39
110 740 29
80 220 29
60 240 49
260 730 39
80 240 29
100 800 49
300 750 29
280 430 139
300 400 169
170 380 139
60 730 59
110 780 119
280 170 79
300 240 119
270 780 79
60 250 39
80 710 59
80 230 169
270 720 119
110 230 29
220 220 69
320 220 119
100 750 59
340 330 149
60 240 119
100 710 49
320 770 119
260 770 119
110 270 79
70 220 129
280 730 29
320 720 109
320 260 69
320 770 39
260 210 49
70 150 149
110 740 89
260 800 59
140 30 149
280 200 29
110 780 49
300 710 99
290 220 79
270 790 39
210 870 149
110 710 79
300 210 79
190 770 79
280 200 119
260 750 29
90 220 129
110 240 119
150 80 159
260 780 109
300 260 49
60 180 79
60 760 29
250 710 139
60 760 49
100 760 69
280 800 49
40 240 149
60 770 59
200 760 139
70 200 79
260 270 99
300 270 69
320 790 79
70 720 159
260 270 69
280 270 49
330 570 159
60 750 119
110 510 169
220 230 89
110 190 109
270 750 89
160 230 69
340 460 159
70 760 69
280 180 59
260 190 49
320 780 109
230 330 169
290 820 149
260 280 169
190 850 159
310 230 99
110 730 59
140 910 169
260 240 39
310 750 49
110 200 109
320 250 149
300 240 29
40 650 149
60 230 29
80 180 99
300 210 29
110 750 29
110 870 149
290 840 159
310 210 69
200 150 169
240 40 149
330 490 149
260 770 99
310 730 99
60 180 69
110 260 49
310 730 79
180 210 69
80 840 159
260 800 89
90 120 149
260 780 49
110 740 39
70 800 59
60 760 159
260 180 99
110 280 139
310 770 59
220 810 159
200 130 139
260 750 49
80 750 29
40 400 149
270 240 59
310 750 119
110 230 99
210 450 169
70 220 89
300 750 89
300 800 99
90 760 29
60 220 39
110 240 49
300 780 119
270 270 79
60 210 59
300 180 109
260 200 59
260 200 109
120 760 79
60 760 99
260 230 119
60 250 59
100 790 109
100 770 29
60 190 79
60 190 99
70 170 69
60 780 39
240 450 169
310 230 59
280 750 129
320 180 99
40 510 149
70 240 69
320 710 99
310 770 79
320 750 39
320 760 119
290 770 79
200 60 149
270 730 29
110 230 119
320 230 119
110 450 169
230 380 169
290 270 59
80 800 59
280 790 109
110 420 139
100 230 79
100 710 59
240 180 169
300 220 29
100 200 119
100 190 39
100 740 79
110 180 59
240 620 139
80 750 129
320 190 69
80 720 39
220 230 69
50 340 159
160 860 159
80 720 109
330 650 159
280 250 119
110 260 109
40 700 149
280 710 109
290 700 79
50 430 159
300 640 139
100 260 39
160 960 209
310 180 49
310 270 99
280 770 29
300 740 79
260 210 99
110 180 79
60 740 29
40 540 159
70 480 169
270 740 59
240 930 189
60 270 79
200 30 149
110 240 29
220 50 159
80 790 39
310 250 109
280 190 119
300 720 39
110 250 79
90 750 79
110 210 29
120 910 179
300 870 149
310 200 89
300 150 149
50 190 159
50 730 149
300 220 59
120 340 169
160 260 139
290 260 109
260 710 99
270 710 59
40 300 149
280 270 89
300 700 79
110 740 49
320 240 49
50 690 159
160 90 139
210 550 169
260 870 159
150 210 79
320 790 99
110 720 89
60 260 49
170 170 139
300 480 139
70 210 79
80 760 159
270 800 69
110 800 69
300 740 69
80 810 79
340 400 149
270 740 69
340 540 159
210 940 179
60 180 89
110 190 69
130 620 169
300 200 119
260 490 169
280 230 29
40 460 159
310 790 109
110 790 39
80 730 119
110 770 119
110 720 39
260 710 79
320 800 89
310 770 99
110 730 69
60 740 99
190 220 99
60 790 149
90 770 79
130 400 169
270 770 59
180 760 69
110 200 79
260 230 79
100 270 59
260 760 109
300 710 109
280 270 59
270 180 59
110 250 49
230 470 139
80 180 49
110 730 79
190 850 139
260 200 169
70 210 29
320 270 79
320 690 149
60 240 59
110 760 49
280 450 169
110 710 99
70 700 69
280 250 39
230 490 169
260 250 109
230 420 139
290 710 99
260 230 39
80 250 119
280 700 79
80 820 149
70 750 129
320 200 49
240 840 159
190 210 79
260 260 89
330 300 149
220 750 79
90 370 139
60 770 119
110 260 99
90 210 79
280 720 39
250 750 69
260 220 119
60 220 119
190 890 149
80 270 79
110 210 59
260 720 79
60 190 39
110 730 119
320 730 49
270 270 59
270 730 79
310 770 69
300 710 59
270 200 69
320 340 149
90 700 69
70 770 59
190 350 169
260 800 79
320 720 69
290 270 99
260 790 49
190 640 139
70 230 59
310 240 79
130 930 189
70 180 109
320 260 89
70 400 169
110 770 89
320 260 59
110 260 59
340 400 159
110 240 69
260 730 49
280 800 69
60 270 149
260 240 29
90 260 49
70 240 79
280 520 169
180 220 79
90 710 109
190 210 139
310 790 149
80 250 39
260 310 139
320 760 159
310 720 149
110 730 39
70 250 29
190 30 159
300 780 29
100 230 59
280 750 29
110 190 39
110 180 99
60 790 99
290 220 129
260 780 99
110 270 99
250 730 159
90 710 89
90 800 59
60 260 99
260 770 29
150 760 79
190 760 69
290 130 149
300 550 169
340 430 149
270 770 29
70 210 89
260 230 99
60 710 79
80 800 99
90 820 159
110 800 89
100 220 89
80 270 99
220 260 169
260 200 99
310 530 139
290 760 79
310 740 59
210 910 169
270 910 179
270 190 109
190 980 209
310 780 59
100 700 79
70 270 79
320 200 39
260 250 59
110 760 59
310 770 89
330 570 149
260 80 159
120 80 159
340 520 149
310 240 29
310 430 169
60 220 49
240 400 169
60 780 119
160 810 159
210 340 169
