165.000000 480.000000 162.000000 1.000000
133.000000 720.000000 160.000000 1.000000
260.000000 735.000000 105.000000 1.000000
200.000000 480.000000 140.000000 1.000000
291.000000 191.000000 41.000000 1.000000
260.000000 185.000000 80.000000 1.000000
315.000000 735.000000 120.000000 1.000000
68.000000 202.000000 118.000000 1.000000
262.000000 752.000000 120.000000 1.000000
183.000000 410.000000 140.000000 1.000000
30.000000 370.000000 155.000000 1.000000
110.000000 247.000000 37.000000 1.000000
310.000000 793.000000 51.000000 1.000000
150.000000 47.000000 157.000000 1.000000
60.000000 725.000000 105.000000 1.000000
105.000000 745.000000 122.000000 1.000000
60.000000 215.000000 100.000000 1.000000
41.000000 491.000000 161.000000 1.000000
97.000000 723.000000 37.000000 1.000000
200.000000 385.000000 170.000000 1.000000
65.000000 250.000000 150.000000 1.000000
63.000000 733.000000 120.000000 1.000000
261.000000 421.000000 171.000000 1.000000
95.000000 180.000000 95.000000 1.000000
263.000000 250.000000 83.000000 1.000000
160.000000 142.000000 168.000000 1.000000
162.000000 34.000000 156.000000 1.000000
260.000000 180.000000 65.000000 1.000000
305.000000 270.000000 60.000000 1.000000
127.000000 53.000000 153.000000 1.000000
105.000000 890.000000 165.000000 1.000000
66.000000 739.000000 85.000000 1.000000
210.000000 420.000000 155.000000 1.000000
275.000000 180.000000 85.000000 1.000000
119.000000 340.000000 140.000000 1.000000
296.000000 802.000000 70.000000 1.000000
292.000000 756.000000 134.000000 1.000000
63.000000 710.000000 93.000000 1.000000
250.000000 530.000000 155.000000 1.000000
92.000000 165.000000 160.000000 1.000000
110.000000 205.000000 45.000000 1.000000
319.000000 189.000000 150.000000 1.000000
323.000000 510.000000 157.000000 1.000000
260.000000 258.000000 50.000000 1.000000
101.000000 251.000000 41.000000 1.000000
65.000000 620.000000 160.000000 1.000000
110.000000 713.000000 53.000000 1.000000
60.000000 203.000000 93.000000 1.000000
30.000000 330.000000 155.000000 1.000000
161.000000 891.000000 161.000000 1.000000
275.000000 270.000000 70.000000 1.000000
98.000000 758.000000 92.000000 1.000000
305.000000 172.000000 75.000000 1.000000
310.000000 745.000000 100.000000 1.000000
190.000000 755.000000 95.000000 1.000000
310.000000 780.000000 95.000000 1.000000
82.000000 195.000000 118.000000 1.000000
308.000000 728.000000 35.000000 1.000000
108.000000 795.000000 98.000000 1.000000
101.000000 261.000000 111.000000 1.000000
305.000000 740.000000 30.000000 1.000000
311.000000 751.000000 91.000000 1.000000
71.000000 601.000000 141.000000 1.000000
85.000000 710.000000 50.000000 1.000000
85.000000 775.000000 120.000000 1.000000
110.000000 755.000000 105.000000 1.000000
110.000000 785.000000 75.000000 1.000000
95.000000 745.000000 30.000000 1.000000
220.000000 765.000000 75.000000 1.000000
215.000000 35.000000 155.000000 1.000000
217.000000 883.000000 170.000000 1.000000
98.000000 216.000000 76.000000 1.000000
285.000000 182.000000 105.000000 1.000000
263.000000 353.000000 170.000000 1.000000
270.000000 205.000000 85.000000 1.000000
37.000000 570.000000 153.000000 1.000000
60.000000 790.000000 74.000000 1.000000
270.000000 237.000000 87.000000 1.000000
310.000000 737.000000 87.000000 1.000000
38.000000 540.000000 160.000000 1.000000
253.000000 107.000000 153.000000 1.000000
271.000000 751.000000 101.000000 1.000000
187.000000 227.000000 75.000000 1.000000
60.000000 258.000000 72.000000 1.000000
190.000000 225.000000 90.000000 1.000000
313.000000 753.000000 110.000000 1.000000
49.000000 690.000000 150.000000 1.000000
108.000000 225.000000 55.000000 1.000000
316.000000 194.000000 106.000000 1.000000
31.000000 491.000000 151.000000 1.000000
62.000000 714.000000 50.000000 1.000000
270.000000 215.000000 65.000000 1.000000
68.000000 766.000000 86.000000 1.000000
263.000000 198.000000 35.000000 1.000000
160.000000 440.000000 140.000000 1.000000
120.000000 223.000000 77.000000 1.000000
307.000000 760.000000 93.000000 1.000000
275.000000 890.000000 165.000000 1.000000
72.000000 268.000000 56.000000 1.000000
81.000000 91.000000 151.000000 1.000000
108.000000 208.000000 92.000000 1.000000
270.000000 220.000000 85.000000 1.000000
296.000000 728.000000 118.000000 1.000000
109.000000 280.000000 140.000000 1.000000
120.000000 190.000000 140.000000 1.000000
217.000000 950.000000 202.000000 1.000000
60.000000 200.000000 75.000000 1.000000
60.000000 788.000000 50.000000 1.000000
70.000000 740.000000 65.000000 1.000000
85.000000 800.000000 85.000000 1.000000
139.000000 940.000000 190.000000 1.000000
41.000000 491.000000 151.000000 1.000000
280.000000 710.000000 95.000000 1.000000
309.000000 720.000000 150.000000 1.000000
75.000000 298.000000 152.000000 1.000000
260.000000 725.000000 100.000000 1.000000
280.000000 775.000000 120.000000 1.000000
285.000000 785.000000 40.000000 1.000000
245.000000 60.000000 155.000000 1.000000
341.000000 331.000000 161.000000 1.000000
271.000000 931.000000 181.000000 1.000000
110.000000 242.000000 90.000000 1.000000
62.000000 234.000000 100.000000 1.000000
250.000000 223.000000 73.000000 1.000000
328.000000 370.000000 152.000000 1.000000
260.000000 787.000000 67.000000 1.000000
261.000000 511.000000 141.000000 1.000000
60.000000 215.000000 110.000000 1.000000
316.000000 602.000000 152.000000 1.000000
291.000000 271.000000 81.000000 1.000000
150.000000 227.000000 87.000000 1.000000
318.000000 798.000000 75.000000 1.000000
110.000000 777.000000 97.000000 1.000000
310.000000 180.000000 87.000000 1.000000
90.000000 170.000000 77.000000 1.000000
187.000000 33.000000 150.000000 1.000000
297.000000 757.000000 63.000000 1.000000
185.000000 740.000000 75.000000 1.000000
283.000000 800.000000 97.000000 1.000000
180.000000 412.000000 170.000000 1.000000
287.000000 107.000000 153.000000 1.000000
191.000000 241.000000 81.000000 1.000000
318.000000 220.000000 35.000000 1.000000
108.000000 778.000000 38.000000 1.000000
110.000000 735.000000 30.000000 1.000000
87.000000 220.000000 30.000000 1.000000
60.000000 235.000000 45.000000 1.000000
261.000000 731.000000 41.000000 1.000000
85.000000 245.000000 30.000000 1.000000
100.000000 798.000000 52.000000 1.000000
305.000000 755.000000 30.000000 1.000000
229.000000 420.000000 140.000000 1.000000
109.000000 310.000000 170.000000 1.000000
170.000000 383.000000 140.000000 1.000000
60.000000 734.000000 58.000000 1.000000
108.000000 782.000000 115.000000 1.000000
280.000000 170.000000 78.000000 1.000000
298.000000 240.000000 122.000000 1.000000
266.000000 776.000000 84.000000 1.000000
60.000000 250.000000 45.000000 1.000000
81.000000 711.000000 61.000000 1.000000
100.000000 225.000000 170.000000 1.000000
272.000000 725.000000 118.000000 1.000000
110.000000 230.000000 35.000000 1.000000
220.000000 215.000000 70.000000 1.000000
315.000000 217.000000 118.000000 1.000000
98.000000 748.000000 64.000000 1.000000
341.000000 331.000000 151.000000 1.000000
63.000000 245.000000 117.000000 1.000000
101.000000 711.000000 51.000000 1.000000
317.000000 773.000000 120.000000 1.000000
265.000000 770.000000 120.000000 1.000000
105.000000 270.000000 75.000000 1.000000
71.000000 221.000000 131.000000 1.000000
283.000000 733.000000 30.000000 1.000000
317.000000 723.000000 110.000000 1.000000
317.000000 260.000000 70.000000 1.000000
320.000000 772.000000 42.000000 1.000000
263.000000 213.000000 47.000000 1.000000
64.000000 152.000000 154.000000 1.000000
107.000000 740.000000 93.000000 1.000000
261.000000 801.000000 61.000000 1.000000
143.000000 33.000000 150.000000 1.000000
283.000000 203.000000 30.000000 1.000000
110.000000 775.000000 55.000000 1.000000
305.000000 710.000000 95.000000 1.000000
295.000000 223.000000 85.000000 1.000000
265.000000 785.000000 40.000000 1.000000
210.000000 865.000000 145.000000 1.000000
110.000000 713.000000 77.000000 1.000000
302.000000 210.000000 84.000000 1.000000
188.000000 768.000000 78.000000 1.000000
275.000000 205.000000 120.000000 1.000000
263.000000 747.000000 30.000000 1.000000
90.000000 226.000000 132.000000 1.000000
106.000000 244.000000 118.000000 1.000000
145.000000 90.000000 155.000000 1.000000
260.000000 783.000000 113.000000 1.000000
302.000000 262.000000 46.000000 1.000000
60.000000 175.000000 80.000000 1.000000
60.000000 755.000000 35.000000 1.000000
251.000000 711.000000 141.000000 1.000000
60.000000 755.000000 50.000000 1.000000
100.000000 763.000000 73.000000 1.000000
278.000000 798.000000 52.000000 1.000000
39.000000 240.000000 150.000000 1.000000
60.000000 773.000000 57.000000 1.000000
207.000000 743.000000 150.000000 1.000000
70.000000 200.000000 75.000000 1.000000
264.000000 268.000000 96.000000 1.000000
300.000000 270.000000 75.000000 1.000000
321.000000 791.000000 81.000000 1.000000
69.000000 720.000000 160.000000 1.000000
260.000000 265.000000 70.000000 1.000000
277.000000 267.000000 50.000000 1.000000
331.000000 571.000000 161.000000 1.000000
60.000000 753.000000 117.000000 1.000000
39.000000 510.000000 150.000000 1.000000
220.000000 225.000000 90.000000 1.000000
105.000000 188.000000 112.000000 1.000000
270.000000 752.000000 86.000000 1.000000
160.000000 235.000000 70.000000 1.000000
333.000000 460.000000 157.000000 1.000000
70.000000 765.000000 70.000000 1.000000
283.000000 180.000000 57.000000 1.000000
260.000000 185.000000 50.000000 1.000000
320.000000 780.000000 105.000000 1.000000
230.000000 325.000000 155.000000 1.000000
219.000000 840.000000 160.000000 1.000000
255.000000 278.000000 162.000000 1.000000
190.000000 860.000000 160.000000 1.000000
310.000000 227.000000 100.000000 1.000000
110.000000 725.000000 60.000000 1.000000
140.000000 900.000000 170.000000 1.000000
260.000000 240.000000 45.000000 1.000000
310.000000 747.000000 53.000000 1.000000
110.000000 200.000000 105.000000 1.000000
169.000000 129.000000 170.000000 1.000000
298.000000 245.000000 32.000000 1.000000
44.000000 634.000000 154.000000 1.000000
63.000000 233.000000 30.000000 1.000000
85.000000 180.000000 105.000000 1.000000
305.000000 205.000000 30.000000 1.000000
110.000000 753.000000 33.000000 1.000000
112.000000 858.000000 154.000000 1.000000
290.000000 840.000000 155.000000 1.000000
308.000000 208.000000 68.000000 1.000000
207.000000 150.000000 170.000000 1.000000
233.000000 37.000000 153.000000 1.000000
337.000000 490.000000 153.000000 1.000000
260.000000 765.000000 100.000000 1.000000
311.000000 731.000000 101.000000 1.000000
60.000000 183.000000 67.000000 1.000000
110.000000 260.000000 45.000000 1.000000
310.000000 727.000000 77.000000 1.000000
183.000000 213.000000 70.000000 1.000000
73.000000 833.000000 157.000000 1.000000
263.000000 797.000000 95.000000 1.000000
95.000000 117.000000 153.000000 1.000000
260.000000 777.000000 53.000000 1.000000
111.000000 741.000000 41.000000 1.000000
65.000000 800.000000 60.000000 1.000000
60.000000 760.000000 153.000000 1.000000
260.000000 180.000000 95.000000 1.000000
59.000000 250.000000 160.000000 1.000000
310.000000 765.000000 55.000000 1.000000
205.000000 805.000000 152.000000 1.000000
212.000000 142.000000 140.000000 1.000000
263.000000 751.000000 49.000000 1.000000
75.000000 755.000000 30.000000 1.000000
45.000000 400.000000 150.000000 1.000000
270.000000 235.000000 65.000000 1.000000
313.000000 750.000000 123.000000 1.000000
108.000000 226.000000 104.000000 1.000000
211.000000 451.000000 171.000000 1.000000
70.000000 220.000000 95.000000 1.000000
300.000000 750.000000 85.000000 1.000000
303.000000 800.000000 97.000000 1.000000
85.000000 765.000000 30.000000 1.000000
60.000000 220.000000 35.000000 1.000000
110.000000 240.000000 55.000000 1.000000
303.000000 777.000000 117.000000 1.000000
265.000000 270.000000 80.000000 1.000000
63.000000 207.000000 60.000000 1.000000
300.000000 183.000000 110.000000 1.000000
260.000000 197.000000 57.000000 1.000000
262.000000 195.000000 115.000000 1.000000
116.000000 762.000000 76.000000 1.000000
64.000000 758.000000 100.000000 1.000000
263.000000 235.000000 117.000000 1.000000
60.000000 255.000000 60.000000 1.000000
101.000000 791.000000 111.000000 1.000000
100.000000 773.000000 30.000000 1.000000
61.000000 191.000000 81.000000 1.000000
60.000000 190.000000 95.000000 1.000000
71.000000 171.000000 71.000000 1.000000
62.000000 775.000000 35.000000 1.000000
241.000000 451.000000 171.000000 1.000000
310.000000 225.000000 55.000000 1.000000
269.000000 740.000000 120.000000 1.000000
317.000000 180.000000 97.000000 1.000000
45.000000 512.000000 152.000000 1.000000
70.000000 237.000000 67.000000 1.000000
320.000000 715.000000 95.000000 1.000000
307.000000 773.000000 80.000000 1.000000
320.000000 747.000000 37.000000 1.000000
320.000000 760.000000 115.000000 1.000000
291.000000 771.000000 81.000000 1.000000
196.000000 71.000000 154.000000 1.000000
271.000000 731.000000 31.000000 1.000000
110.000000 225.000000 120.000000 1.000000
318.000000 235.000000 118.000000 1.000000
49.000000 430.000000 160.000000 1.000000
231.000000 381.000000 171.000000 1.000000
291.000000 271.000000 61.000000 1.000000
80.000000 800.000000 55.000000 1.000000
281.000000 791.000000 111.000000 1.000000
120.000000 410.000000 140.000000 1.000000
98.000000 232.000000 82.000000 1.000000
101.000000 711.000000 61.000000 1.000000
250.000000 170.000000 155.000000 1.000000
297.000000 223.000000 30.000000 1.000000
105.000000 205.000000 120.000000 1.000000
95.000000 185.000000 45.000000 1.000000
97.000000 737.000000 80.000000 1.000000
107.000000 180.000000 57.000000 1.000000
247.000000 607.000000 160.000000 1.000000
83.000000 753.000000 130.000000 1.000000
318.000000 188.000000 65.000000 1.000000
77.000000 723.000000 37.000000 1.000000
220.000000 230.000000 77.000000 1.000000
53.000000 350.000000 150.000000 1.000000
160.000000 867.000000 160.000000 1.000000
77.000000 713.000000 107.000000 1.000000
327.000000 650.000000 157.000000 1.000000
269.000000 249.000000 120.000000 1.000000
110.000000 255.000000 110.000000 1.000000
41.000000 701.000000 151.000000 1.000000
281.000000 711.000000 111.000000 1.000000
291.000000 701.000000 81.000000 1.000000
42.000000 430.000000 152.000000 1.000000
301.000000 641.000000 141.000000 1.000000
101.000000 261.000000 41.000000 1.000000
149.000000 961.000000 200.000000 1.000000
305.000000 180.000000 55.000000 1.000000
305.000000 268.000000 98.000000 1.000000
283.000000 773.000000 30.000000 1.000000
297.000000 740.000000 83.000000 1.000000
264.000000 214.000000 104.000000 1.000000
110.000000 180.000000 85.000000 1.000000
62.000000 736.000000 34.000000 1.000000
40.000000 540.000000 153.000000 1.000000
77.000000 483.000000 160.000000 1.000000
265.000000 735.000000 60.000000 1.000000
238.000000 928.000000 185.000000 1.000000
60.000000 270.000000 85.000000 1.000000
203.000000 30.000000 153.000000 1.000000
105.000000 240.000000 30.000000 1.000000
220.000000 50.000000 155.000000 1.000000
77.000000 787.000000 43.000000 1.000000
315.000000 252.000000 108.000000 1.000000
285.000000 185.000000 130.000000 1.000000
300.000000 715.000000 45.000000 1.000000
110.000000 253.000000 77.000000 1.000000
93.000000 753.000000 80.000000 1.000000
106.000000 210.000000 30.000000 1.000000
110.000000 917.000000 177.000000 1.000000
301.000000 871.000000 151.000000 1.000000
312.000000 195.000000 85.000000 1.000000
301.000000 154.000000 154.000000 1.000000
52.000000 198.000000 153.000000 1.000000
50.000000 730.000000 155.000000 1.000000
297.000000 223.000000 63.000000 1.000000
130.000000 328.000000 158.000000 1.000000
69.000000 199.000000 150.000000 1.000000
291.000000 261.000000 111.000000 1.000000
263.000000 710.000000 97.000000 1.000000
266.000000 712.000000 58.000000 1.000000
37.000000 297.000000 153.000000 1.000000
280.000000 270.000000 85.000000 1.000000
305.000000 700.000000 80.000000 1.000000
110.000000 737.000000 53.000000 1.000000
316.000000 244.000000 47.000000 1.000000
50.000000 690.000000 155.000000 1.000000
161.000000 91.000000 141.000000 1.000000
39.000000 540.000000 160.000000 1.000000
260.000000 870.000000 155.000000 1.000000
155.000000 215.000000 75.000000 1.000000
321.000000 791.000000 101.000000 1.000000
110.000000 715.000000 90.000000 1.000000
60.000000 260.000000 45.000000 1.000000
170.000000 150.000000 140.000000 1.000000
298.000000 478.000000 148.000000 1.000000
70.000000 213.000000 77.000000 1.000000
81.000000 761.000000 161.000000 1.000000
270.000000 800.000000 65.000000 1.000000
108.000000 798.000000 65.000000 1.000000
301.000000 741.000000 71.000000 1.000000
77.000000 803.000000 77.000000 1.000000
345.000000 400.000000 150.000000 1.000000
270.000000 743.000000 73.000000 1.000000
330.000000 540.000000 160.000000 1.000000
211.000000 941.000000 181.000000 1.000000
65.000000 180.000000 90.000000 1.000000
110.000000 187.000000 67.000000 1.000000
120.000000 602.000000 155.000000 1.000000
300.000000 202.000000 120.000000 1.000000
261.000000 491.000000 171.000000 1.000000
278.000000 228.000000 30.000000 1.000000
45.000000 460.000000 158.000000 1.000000
307.000000 790.000000 107.000000 1.000000
107.000000 790.000000 43.000000 1.000000
82.000000 730.000000 120.000000 1.000000
105.000000 765.000000 122.000000 1.000000
111.000000 721.000000 41.000000 1.000000
263.000000 710.000000 77.000000 1.000000
320.000000 795.000000 90.000000 1.000000
311.000000 771.000000 101.000000 1.000000
110.000000 725.000000 70.000000 1.000000
61.000000 741.000000 101.000000 1.000000
190.000000 225.000000 100.000000 1.000000
70.000000 790.000000 154.000000 1.000000
95.000000 770.000000 80.000000 1.000000
135.000000 395.000000 170.000000 1.000000
270.000000 765.000000 65.000000 1.000000
180.000000 763.000000 73.000000 1.000000
108.000000 195.000000 82.000000 1.000000
265.000000 230.000000 80.000000 1.000000
97.000000 270.000000 57.000000 1.000000
260.000000 755.000000 110.000000 1.000000
301.000000 711.000000 111.000000 1.000000
281.000000 271.000000 61.000000 1.000000
270.000000 180.000000 55.000000 1.000000
110.000000 250.000000 55.000000 1.000000
235.000000 460.000000 140.000000 1.000000
78.000000 182.000000 50.000000 1.000000
110.000000 730.000000 85.000000 1.000000
180.000000 853.000000 140.000000 1.000000
275.000000 215.000000 170.000000 1.000000
66.000000 206.000000 32.000000 1.000000
317.000000 270.000000 83.000000 1.000000
305.000000 690.000000 152.000000 1.000000
61.000000 241.000000 61.000000 1.000000
110.000000 757.000000 47.000000 1.000000
281.000000 451.000000 171.000000 1.000000
107.000000 713.000000 100.000000 1.000000
75.000000 700.000000 75.000000 1.000000
275.000000 252.000000 38.000000 1.000000
231.000000 491.000000 171.000000 1.000000
262.000000 254.000000 110.000000 1.000000
230.000000 425.000000 155.000000 1.000000
291.000000 711.000000 101.000000 1.000000
260.000000 225.000000 35.000000 1.000000
84.000000 248.000000 118.000000 1.000000
277.000000 700.000000 77.000000 1.000000
85.000000 820.000000 150.000000 1.000000
65.000000 750.000000 130.000000 1.000000
315.000000 200.000000 52.000000 1.000000
233.000000 840.000000 157.000000 1.000000
185.000000 210.000000 80.000000 1.000000
261.000000 261.000000 91.000000 1.000000
320.000000 298.000000 152.000000 1.000000
221.000000 751.000000 81.000000 1.000000
97.000000 357.000000 150.000000 1.000000
62.000000 768.000000 115.000000 1.000000
110.000000 257.000000 97.000000 1.000000
91.000000 211.000000 81.000000 1.000000
275.000000 718.000000 45.000000 1.000000
252.000000 755.000000 75.000000 1.000000
260.000000 218.000000 128.000000 1.000000
61.000000 221.000000 121.000000 1.000000
190.000000 890.000000 160.000000 1.000000
83.000000 270.000000 77.000000 1.000000
108.000000 205.000000 62.000000 1.000000
260.000000 720.000000 75.000000 1.000000
62.000000 192.000000 45.000000 1.000000
105.000000 725.000000 115.000000 1.000000
320.000000 727.000000 47.000000 1.000000
265.000000 270.000000 60.000000 1.000000
271.000000 731.000000 81.000000 1.000000
311.000000 771.000000 71.000000 1.000000
302.000000 708.000000 64.000000 1.000000
265.000000 195.000000 70.000000 1.000000
119.000000 219.000000 170.000000 1.000000
91.000000 701.000000 71.000000 1.000000
70.000000 765.000000 60.000000 1.000000
180.000000 350.000000 155.000000 1.000000
263.000000 800.000000 77.000000 1.000000
320.000000 715.000000 68.000000 1.000000
285.000000 270.000000 100.000000 1.000000
261.000000 791.000000 51.000000 1.000000
188.000000 660.000000 155.000000 1.000000
70.000000 225.000000 60.000000 1.000000
308.000000 243.000000 82.000000 1.000000
132.000000 935.000000 190.000000 1.000000
63.000000 183.000000 107.000000 1.000000
321.000000 261.000000 91.000000 1.000000
65.000000 385.000000 170.000000 1.000000
105.000000 770.000000 90.000000 1.000000
317.000000 257.000000 57.000000 1.000000
110.000000 263.000000 63.000000 1.000000
341.000000 401.000000 161.000000 1.000000
115.000000 235.000000 70.000000 1.000000
260.000000 725.000000 50.000000 1.000000
280.000000 800.000000 75.000000 1.000000
39.000000 260.000000 150.000000 1.000000
263.000000 243.000000 30.000000 1.000000
91.000000 261.000000 51.000000 1.000000
70.000000 235.000000 85.000000 1.000000
281.000000 521.000000 171.000000 1.000000
181.000000 221.000000 81.000000 1.000000
91.000000 711.000000 111.000000 1.000000
79.000000 129.000000 160.000000 1.000000
313.000000 790.000000 153.000000 1.000000
80.000000 255.000000 40.000000 1.000000
261.000000 311.000000 141.000000 1.000000
317.000000 760.000000 157.000000 1.000000
305.000000 720.000000 155.000000 1.000000
111.000000 731.000000 41.000000 1.000000
71.000000 251.000000 31.000000 1.000000
190.000000 35.000000 160.000000 1.000000
304.000000 776.000000 34.000000 1.000000
98.000000 230.000000 65.000000 1.000000
283.000000 753.000000 30.000000 1.000000
110.000000 190.000000 45.000000 1.000000
110.000000 185.000000 100.000000 1.000000
60.000000 790.000000 95.000000 1.000000
288.000000 224.000000 132.000000 1.000000
260.000000 775.000000 105.000000 1.000000
105.000000 270.000000 95.000000 1.000000
251.000000 731.000000 161.000000 1.000000
91.000000 711.000000 91.000000 1.000000
91.000000 801.000000 61.000000 1.000000
61.000000 260.000000 99.000000 1.000000
260.000000 770.000000 32.000000 1.000000
154.000000 756.000000 79.000000 1.000000
191.000000 761.000000 71.000000 1.000000
295.000000 125.000000 155.000000 1.000000
301.000000 551.000000 171.000000 1.000000
333.000000 430.000000 153.000000 1.000000
271.000000 771.000000 31.000000 1.000000
71.000000 211.000000 91.000000 1.000000
263.000000 233.000000 100.000000 1.000000
60.000000 712.000000 76.000000 1.000000
80.000000 798.000000 102.000000 1.000000
91.000000 821.000000 161.000000 1.000000
105.000000 800.000000 85.000000 1.000000
95.000000 220.000000 90.000000 1.000000
83.000000 270.000000 97.000000 1.000000
210.000000 260.000000 160.000000 1.000000
260.000000 197.000000 97.000000 1.000000
249.000000 530.000000 140.000000 1.000000
290.000000 757.000000 83.000000 1.000000
310.000000 737.000000 63.000000 1.000000
211.000000 911.000000 171.000000 1.000000
265.000000 910.000000 175.000000 1.000000
270.000000 185.000000 105.000000 1.000000
194.000000 970.000000 209.000000 1.000000
310.000000 780.000000 65.000000 1.000000
101.000000 701.000000 81.000000 1.000000
71.000000 271.000000 81.000000 1.000000
315.000000 195.000000 40.000000 1.000000
260.000000 250.000000 65.000000 1.000000
110.000000 757.000000 63.000000 1.000000
311.000000 771.000000 91.000000 1.000000
335.000000 570.000000 150.000000 1.000000
260.000000 80.000000 155.000000 1.000000
115.000000 80.000000 155.000000 1.000000
69.000000 480.000000 170.000000 1.000000
313.000000 237.000000 30.000000 1.000000
311.000000 431.000000 171.000000 1.000000
60.000000 215.000000 50.000000 1.000000
241.000000 401.000000 171.000000 1.000000
62.000000 782.000000 115.000000 1.000000
59.000000 820.000000 160.000000 1.000000
211.000000 341.000000 171.000000 1.000000
