330.000000 720.000000 153.000000
320.000000 715.000000 68.000000
337.000000 490.000000 153.000000
323.000000 510.000000 157.000000
305.000000 540.000000 140.000000
275.000000 745.000000 125.000000
250.000000 530.000000 155.000000
207.000000 743.000000 150.000000
188.000000 660.000000 155.000000
217.000000 883.000000 170.000000
235.000000 460.000000 140.000000
190.000000 550.000000 155.000000
267.000000 357.000000 140.000000
133.000000 720.000000 160.000000
140.000000 900.000000 170.000000
255.000000 278.000000 162.000000
278.000000 252.000000 125.000000
112.000000 858.000000 154.000000
114.000000 516.000000 152.000000
320.000000 198.000000 155.000000
180.000000 350.000000 155.000000
75.000000 720.000000 155.000000
73.000000 543.000000 157.000000
45.000000 512.000000 152.000000
192.000000 212.000000 152.000000
65.000000 250.000000 150.000000
50.000000 270.000000 155.000000
145.000000 90.000000 155.000000
