330.000000 720.000000 153.000000
217.000000 950.000000 202.000000
305.000000 690.000000 152.000000
190.000000 890.000000 160.000000
207.000000 743.000000 150.000000
140.000000 900.000000 170.000000
160.000000 790.000000 152.000000
330.000000 540.000000 160.000000
305.000000 540.000000 140.000000
337.000000 490.000000 153.000000
70.000000 790.000000 154.000000
333.000000 460.000000 157.000000
120.000000 602.000000 155.000000
65.000000 620.000000 160.000000
165.000000 480.000000 162.000000
210.000000 420.000000 155.000000
73.000000 543.000000 157.000000
267.000000 357.000000 140.000000
320.000000 298.000000 152.000000
120.000000 410.000000 140.000000
180.000000 350.000000 155.000000
324.000000 254.000000 156.000000
278.000000 252.000000 125.000000
130.000000 328.000000 158.000000
155.000000 215.000000 75.000000
196.000000 71.000000 154.000000
