298.000000 478.000000 148.000000
323.000000 510.000000 157.000000
330.000000 540.000000 160.000000
333.000000 460.000000 157.000000
65.000000 385.000000 170.000000
333.000000 430.000000 153.000000
315.000000 340.000000 160.000000
133.000000 720.000000 160.000000
255.000000 278.000000 162.000000
118.000000 272.000000 155.000000
330.000000 720.000000 153.000000
275.000000 215.000000 170.000000
40.000000 247.000000 153.000000
260.000000 218.000000 128.000000
292.000000 810.000000 155.000000
52.000000 198.000000 153.000000
92.000000 165.000000 160.000000
160.000000 142.000000 168.000000
295.000000 125.000000 155.000000
217.000000 950.000000 202.000000
196.000000 71.000000 154.000000
