295.000000 125.000000 155.000000
285.000000 185.000000 130.000000
250.000000 170.000000 155.000000
212.000000 142.000000 140.000000
207.000000 150.000000 170.000000
155.000000 215.000000 75.000000
167.000000 260.000000 150.000000
230.000000 325.000000 155.000000
92.000000 165.000000 160.000000
210.000000 420.000000 155.000000
165.000000 480.000000 162.000000
250.000000 530.000000 155.000000
330.000000 720.000000 153.000000
275.000000 745.000000 125.000000
133.000000 720.000000 160.000000
154.000000 756.000000 79.000000
217.000000 950.000000 202.000000
