160.000000 867.000000 160.000000
180.000000 853.000000 140.000000
207.000000 743.000000 150.000000
188.000000 660.000000 155.000000
120.000000 602.000000 155.000000
247.000000 607.000000 160.000000
190.000000 550.000000 155.000000
165.000000 480.000000 162.000000
200.000000 480.000000 140.000000
110.000000 446.000000 158.000000
333.000000 460.000000 157.000000
183.000000 410.000000 140.000000
180.000000 350.000000 155.000000
118.000000 272.000000 155.000000
278.000000 252.000000 125.000000
192.000000 212.000000 152.000000
92.000000 165.000000 160.000000
145.000000 90.000000 155.000000
