340.000000 530.000000 150.000000
337.000000 490.000000 153.000000
298.000000 478.000000 148.000000
328.000000 370.000000 152.000000
315.000000 340.000000 160.000000
247.000000 607.000000 160.000000
267.000000 357.000000 140.000000
330.000000 720.000000 153.000000
190.000000 550.000000 155.000000
324.000000 254.000000 156.000000
275.000000 745.000000 125.000000
188.000000 660.000000 155.000000
114.000000 516.000000 152.000000
207.000000 743.000000 150.000000
210.000000 260.000000 160.000000
110.000000 446.000000 158.000000
120.000000 410.000000 140.000000
167.000000 260.000000 150.000000
154.000000 756.000000 79.000000
45.000000 512.000000 152.000000
170.000000 150.000000 140.000000
120.000000 190.000000 140.000000
160.000000 142.000000 168.000000
92.000000 165.000000 160.000000
180.000000 922.000000 182.000000
217.000000 950.000000 202.000000
