80.000000 840.000000 160.000000
230.000000 490.000000 170.000000
260.000000 280.000000 170.000000
170.000000 430.000000 170.000000
130.000000 930.000000 180.000000
300.000000 820.000000 160.000000
320.000000 650.000000 160.000000
190.000000 850.000000 140.000000
310.000000 510.000000 160.000000
290.000000 820.000000 160.000000
260.000000 910.000000 170.000000
40.000000 240.000000 150.000000
310.000000 600.000000 160.000000
310.000000 510.000000 160.000000
280.000000 740.000000 120.000000
280.000000 120.000000 160.000000
280.000000 160.000000 160.000000
320.000000 270.000000 160.000000
300.000000 120.000000 160.000000
220.000000 220.000000 80.000000
340.000000 370.000000 150.000000
280.000000 250.000000 120.000000
300.000000 120.000000 160.000000
