300.000000 480.000000 140.000000
320.000000 510.000000 150.000000
340.000000 540.000000 150.000000
340.000000 460.000000 150.000000
50.000000 370.000000 150.000000
340.000000 430.000000 150.000000
320.000000 340.000000 150.000000
110.000000 780.000000 110.000000
270.000000 230.000000 120.000000
100.000000 230.000000 130.000000
330.000000 730.000000 150.000000
290.000000 160.000000 150.000000
40.000000 240.000000 150.000000
260.000000 210.000000 120.000000
290.000000 820.000000 150.000000
50.000000 180.000000 150.000000
90.000000 160.000000 150.000000
160.000000 90.000000 140.000000
300.000000 120.000000 160.000000
220.000000 960.000000 200.000000
200.000000 60.000000 150.000000
