44.000000 634.000000 154.000000
65.000000 620.000000 160.000000
73.000000 543.000000 157.000000
80.000000 690.000000 150.000000
97.000000 357.000000 150.000000
65.000000 250.000000 150.000000
110.000000 917.000000 177.000000
140.000000 900.000000 170.000000
160.000000 867.000000 160.000000
207.000000 743.000000 150.000000
180.000000 922.000000 182.000000
275.000000 745.000000 125.000000
194.000000 970.000000 209.000000
305.000000 690.000000 152.000000
192.000000 212.000000 152.000000
220.000000 230.000000 77.000000
315.000000 340.000000 160.000000
278.000000 252.000000 125.000000
260.000000 218.000000 128.000000
320.000000 298.000000 152.000000
320.000000 198.000000 155.000000
295.000000 125.000000 155.000000
