73.000000 833.000000 157.000000
73.000000 543.000000 157.000000
42.000000 430.000000 152.000000
77.000000 483.000000 160.000000
110.000000 917.000000 177.000000
160.000000 790.000000 152.000000
188.000000 660.000000 155.000000
180.000000 853.000000 140.000000
190.000000 550.000000 155.000000
205.000000 805.000000 152.000000
190.000000 890.000000 160.000000
40.000000 247.000000 153.000000
247.000000 607.000000 160.000000
250.000000 530.000000 155.000000
275.000000 745.000000 125.000000
118.000000 272.000000 155.000000
167.000000 260.000000 150.000000
230.000000 325.000000 155.000000
192.000000 212.000000 152.000000
220.000000 230.000000 77.000000
328.000000 370.000000 152.000000
278.000000 252.000000 125.000000
250.000000 170.000000 155.000000
