230.000000 330.000000 170.000000
300.000000 250.000000 160.000000
30.000000 520.000000 160.000000
170.000000 450.000000 140.000000
190.000000 350.000000 140.000000
270.000000 250.000000 120.000000
70.000000 480.000000 140.000000
50.000000 430.000000 160.000000
100.000000 890.000000 170.000000
90.000000 820.000000 160.000000
170.000000 380.000000 140.000000
50.000000 430.000000 160.000000
150.000000 380.000000 170.000000
80.000000 230.000000 170.000000
170.000000 410.000000 140.000000
270.000000 740.000000 120.000000
90.000000 820.000000 150.000000
110.000000 870.000000 160.000000
40.000000 490.000000 160.000000
30.000000 290.000000 150.000000
80.000000 840.000000 150.000000
40.000000 460.000000 160.000000
30.000000 430.000000 150.000000
60.000000 790.000000 150.000000
150.000000 960.000000 200.000000
