105.000000 210.000000 245.000000
260.000000 250.000000 165.000000
265.000000 240.000000 160.000000
235.000000 230.000000 160.000000
250.000000 230.000000 145.000000
270.000000 230.000000 145.000000
265.000000 210.000000 125.000000
240.000000 210.000000 130.000000
250.000000 245.000000 250.000000
240.000000 190.000000 125.000000
270.000000 205.000000 130.000000
235.000000 155.000000 110.000000
225.000000 150.000000 95.000000
255.000000 165.000000 100.000000
240.000000 140.000000 105.000000
230.000000 145.000000 100.000000
255.000000 75.000000 65.000000
405.000000 130.000000 210.000000
435.000000 110.000000 245.000000
