110.000000 104.000000 175.000000
66.000000 101.000000 219.000000
188.000000 156.000000 160.000000
248.000000 88.000000 72.000000
243.000000 108.000000 73.000000
253.000000 78.000000 62.000000
106.000000 212.000000 240.000000
229.000000 149.000000 99.000000
247.000000 27.000000 21.000000
233.000000 152.000000 110.000000
223.000000 158.000000 95.000000
243.000000 143.000000 108.000000
243.000000 141.000000 94.000000
230.000000 167.000000 113.000000
258.000000 133.000000 85.000000
254.000000 166.000000 141.000000
255.000000 155.000000 95.000000
238.000000 188.000000 127.000000
229.000000 185.000000 81.000000
253.000000 198.000000 145.000000
263.000000 193.000000 122.000000
248.000000 235.000000 162.000000
250.000000 235.000000 145.000000
262.000000 229.000000 158.000000
254.000000 238.000000 174.000000
245.000000 245.000000 248.000000
261.000000 251.000000 157.000000
338.000000 208.000000 198.000000
395.000000 138.000000 207.000000
375.000000 208.000000 230.000000
433.000000 112.000000 247.000000
