110.000000 104.000000 175.000000
170.000000 208.000000 193.000000
205.000000 202.000000 163.000000
223.000000 158.000000 95.000000
229.000000 149.000000 99.000000
230.000000 167.000000 113.000000
233.000000 152.000000 110.000000
230.000000 192.000000 141.000000
243.000000 143.000000 108.000000
238.000000 188.000000 127.000000
242.000000 156.000000 100.000000
238.000000 208.000000 132.000000
247.000000 128.000000 84.000000
242.000000 216.000000 145.000000
248.000000 88.000000 72.000000
253.000000 198.000000 145.000000
258.000000 168.000000 112.000000
262.000000 185.000000 133.000000
265.000000 148.000000 102.000000
263.000000 193.000000 122.000000
246.000000 250.000000 159.000000
262.000000 229.000000 158.000000
270.000000 210.000000 128.000000
272.000000 168.000000 82.000000
338.000000 208.000000 198.000000
375.000000 208.000000 230.000000
395.000000 138.000000 207.000000
433.000000 112.000000 247.000000
