322.000000 155.000000 162.000000
338.000000 208.000000 198.000000
300.000000 198.000000 162.000000
282.000000 192.000000 145.000000
268.000000 144.000000 90.000000
265.000000 148.000000 102.000000
260.000000 150.000000 98.000000
262.000000 185.000000 133.000000
253.000000 78.000000 62.000000
248.000000 88.000000 72.000000
263.000000 193.000000 122.000000
270.000000 210.000000 128.000000
270.000000 217.000000 150.000000
243.000000 141.000000 94.000000
258.000000 193.000000 112.000000
248.000000 185.000000 132.000000
262.000000 229.000000 158.000000
230.000000 167.000000 113.000000
233.000000 170.000000 101.000000
254.000000 238.000000 174.000000
248.000000 235.000000 162.000000
262.000000 258.000000 173.000000
242.000000 231.000000 152.000000
260.000000 245.000000 248.000000
227.000000 223.000000 162.000000
205.000000 202.000000 163.000000
170.000000 208.000000 193.000000
145.000000 207.000000 210.000000
106.000000 212.000000 240.000000
