247.000000 27.000000 21.000000
262.000000 120.000000 83.000000
395.000000 138.000000 207.000000
322.000000 155.000000 162.000000
243.000000 141.000000 94.000000
233.000000 152.000000 110.000000
254.000000 166.000000 141.000000
262.000000 168.000000 128.000000
270.000000 175.000000 120.000000
272.000000 168.000000 82.000000
262.000000 185.000000 133.000000
248.000000 185.000000 132.000000
263.000000 193.000000 122.000000
258.000000 193.000000 112.000000
338.000000 208.000000 198.000000
253.000000 198.000000 145.000000
270.000000 217.000000 150.000000
205.000000 202.000000 163.000000
262.000000 229.000000 158.000000
227.000000 223.000000 162.000000
248.000000 235.000000 162.000000
254.000000 238.000000 174.000000
170.000000 208.000000 193.000000
106.000000 212.000000 240.000000
