292.000000 213.000000 165.000000
285.000000 222.000000 162.000000
275.000000 250.000000 230.000000
262.000000 238.000000 148.000000
270.000000 210.000000 128.000000
254.000000 238.000000 174.000000
250.000000 235.000000 145.000000
263.000000 193.000000 122.000000
249.000000 222.000000 130.000000
270.000000 175.000000 120.000000
262.000000 185.000000 133.000000
258.000000 193.000000 112.000000
262.000000 168.000000 128.000000
258.000000 168.000000 112.000000
250.000000 175.000000 100.000000
247.000000 167.000000 124.000000
268.000000 144.000000 90.000000
260.000000 150.000000 98.000000
230.000000 167.000000 113.000000
229.000000 185.000000 81.000000
251.000000 124.000000 76.000000
248.000000 88.000000 72.000000
170.000000 208.000000 193.000000
253.000000 78.000000 62.000000
106.000000 212.000000 240.000000
110.000000 104.000000 175.000000
