195.000000 265.000000 185.000000
195.000000 235.000000 185.000000
280.000000 70.000000 50.000000
205.000000 145.000000 210.000000
285.000000 150.000000 130.000000
160.000000 325.000000 165.000000
300.000000 175.000000 155.000000
315.000000 205.000000 135.000000
140.000000 305.000000 135.000000
135.000000 225.000000 130.000000
175.000000 445.000000 30.000000
340.000000 325.000000 60.000000
255.000000 380.000000 105.000000
125.000000 310.000000 65.000000
230.000000 405.000000 50.000000
145.000000 365.000000 50.000000
320.000000 175.000000 65.000000
250.000000 385.000000 65.000000
70.000000 380.000000 45.000000
