205.000000 260.000000 218.000000
200.000000 240.000000 202.000000
249.000000 182.000000 216.000000
204.000000 148.000000 211.000000
272.000000 180.000000 185.000000
165.000000 325.000000 172.000000
292.000000 178.000000 170.000000
305.000000 210.000000 158.000000
150.000000 300.000000 160.000000
136.000000 225.000000 134.000000
195.000000 370.000000 148.000000
322.000000 315.000000 105.000000
257.000000 378.000000 112.000000
132.000000 303.000000 85.000000
231.000000 381.000000 94.000000
155.000000 348.000000 88.000000
318.000000 179.000000 67.000000
248.000000 385.000000 72.000000
70.000000 382.000000 47.000000
