185.000000 30.000000 54.000000
170.000000 65.000000 49.000000
218.000000 57.000000 53.000000
112.000000 150.000000 45.000000
171.000000 140.000000 92.000000
152.000000 139.000000 48.000000
169.000000 146.000000 124.000000
190.000000 131.000000 86.000000
44.000000 165.000000 48.000000
158.000000 155.000000 95.000000
208.000000 124.000000 82.000000
188.000000 138.000000 182.000000
154.000000 171.000000 137.000000
217.000000 116.000000 47.000000
225.000000 125.000000 102.000000
187.000000 143.000000 192.000000
145.000000 175.000000 83.000000
142.000000 172.000000 63.000000
228.000000 125.000000 118.000000
165.000000 165.000000 168.000000
22.000000 183.000000 52.000000
212.000000 128.000000 192.000000
230.000000 124.000000 78.000000
232.000000 111.000000 48.000000
200.000000 138.000000 199.000000
245.000000 100.000000 45.000000
235.000000 125.000000 180.000000
140.000000 195.000000 114.000000
137.000000 193.000000 82.000000
123.000000 193.000000 52.000000
248.000000 125.000000 92.000000
218.000000 148.000000 202.000000
247.000000 127.000000 190.000000
258.000000 112.000000 45.000000
43.000000 215.000000 48.000000
265.000000 132.000000 150.000000
225.000000 160.000000 198.000000
124.000000 218.000000 52.000000
128.000000 225.000000 88.000000
272.000000 138.000000 105.000000
279.000000 122.000000 46.000000
227.000000 178.000000 193.000000
278.000000 137.000000 75.000000
209.000000 183.000000 215.000000
335.000000 42.000000 48.000000
140.000000 245.000000 146.000000
118.000000 248.000000 68.000000
292.000000 142.000000 62.000000
126.000000 256.000000 98.000000
228.000000 215.000000 200.000000
122.000000 266.000000 72.000000
200.000000 240.000000 202.000000
354.000000 86.000000 45.000000
249.000000 221.000000 212.000000
125.000000 287.000000 77.000000
242.000000 235.000000 219.000000
142.000000 295.000000 143.000000
312.000000 197.000000 137.000000
200.000000 270.000000 202.000000
188.000000 277.000000 45.000000
305.000000 210.000000 158.000000
322.000000 200.000000 75.000000
393.000000 93.000000 43.000000
155.000000 312.000000 165.000000
212.000000 295.000000 218.000000
147.000000 338.000000 100.000000
348.000000 222.000000 68.000000
195.000000 320.000000 200.000000
108.000000 345.000000 50.000000
277.000000 282.000000 45.000000
193.000000 342.000000 210.000000
187.000000 350.000000 195.000000
353.000000 253.000000 57.000000
175.000000 367.000000 92.000000
207.000000 348.000000 216.000000
337.000000 283.000000 68.000000
320.000000 301.000000 131.000000
322.000000 322.000000 72.000000
274.000000 346.000000 205.000000
278.000000 358.000000 188.000000
262.000000 372.000000 142.000000
248.000000 385.000000 72.000000
267.000000 380.000000 68.000000
251.000000 388.000000 54.000000
272.000000 383.000000 53.000000
338.000000 368.000000 48.000000
270.000000 478.000000 22.000000
