368.000000 430.000000 42.000000
338.000000 368.000000 48.000000
289.000000 400.000000 48.000000
295.000000 360.000000 81.000000
315.000000 347.000000 63.000000
250.000000 445.000000 42.000000
340.000000 330.000000 48.000000
269.000000 378.000000 87.000000
260.000000 409.000000 48.000000
300.000000 342.000000 151.000000
267.000000 380.000000 68.000000
265.000000 372.000000 128.000000
285.000000 355.000000 175.000000
257.000000 378.000000 112.000000
262.000000 372.000000 142.000000
278.000000 358.000000 188.000000
308.000000 320.000000 161.000000
328.000000 303.000000 85.000000
235.000000 378.000000 150.000000
317.000000 298.000000 157.000000
230.000000 388.000000 67.000000
248.000000 370.000000 195.000000
337.000000 283.000000 68.000000
215.000000 388.000000 57.000000
322.000000 265.000000 130.000000
300.000000 280.000000 169.000000
259.000000 328.000000 215.000000
214.000000 370.000000 182.000000
200.000000 372.000000 128.000000
348.000000 249.000000 67.000000
330.000000 248.000000 85.000000
193.000000 387.000000 55.000000
236.000000 325.000000 198.000000
310.000000 254.000000 155.000000
173.000000 473.000000 22.000000
190.000000 375.000000 72.000000
326.000000 242.000000 108.000000
185.000000 365.000000 158.000000
330.000000 220.000000 80.000000
175.000000 353.000000 167.000000
168.000000 352.000000 138.000000
434.000000 194.000000 36.000000
305.000000 210.000000 158.000000
322.000000 200.000000 75.000000
140.000000 385.000000 50.000000
243.000000 251.000000 214.000000
218.000000 270.000000 212.000000
292.000000 202.000000 168.000000
200.000000 270.000000 202.000000
259.000000 216.000000 189.000000
312.000000 180.000000 90.000000
228.000000 235.000000 192.000000
249.000000 221.000000 212.000000
103.000000 415.000000 40.000000
260.000000 200.000000 190.000000
292.000000 178.000000 170.000000
272.000000 180.000000 185.000000
131.000000 286.000000 108.000000
262.000000 165.000000 202.000000
292.000000 142.000000 62.000000
157.000000 228.000000 165.000000
292.000000 140.000000 50.000000
122.000000 266.000000 72.000000
250.000000 162.000000 212.000000
268.000000 132.000000 88.000000
260.000000 132.000000 180.000000
158.000000 194.000000 165.000000
257.000000 127.000000 67.000000
250.000000 128.000000 170.000000
263.000000 120.000000 53.000000
229.000000 138.000000 197.000000
90.000000 264.000000 48.000000
354.000000 86.000000 45.000000
252.000000 118.000000 47.000000
137.000000 193.000000 82.000000
48.000000 320.000000 48.000000
212.000000 127.000000 182.000000
195.000000 132.000000 172.000000
188.000000 138.000000 182.000000
204.000000 122.000000 62.000000
171.000000 140.000000 92.000000
170.000000 138.000000 62.000000
152.000000 154.000000 47.000000
43.000000 215.000000 48.000000
275.000000 40.000000 52.000000
263.000000 17.000000 52.000000
133.000000 46.000000 51.000000
