28.000000 305.000000 45.000000
43.000000 215.000000 48.000000
132.000000 269.000000 129.000000
136.000000 225.000000 134.000000
72.000000 292.000000 48.000000
73.000000 202.000000 48.000000
150.000000 300.000000 160.000000
90.000000 264.000000 48.000000
73.000000 337.000000 47.000000
48.000000 368.000000 42.000000
132.000000 303.000000 85.000000
165.000000 325.000000 172.000000
90.000000 172.000000 45.000000
108.000000 215.000000 48.000000
138.000000 320.000000 95.000000
180.000000 188.000000 181.000000
200.000000 240.000000 202.000000
205.000000 260.000000 218.000000
155.000000 348.000000 88.000000
85.000000 82.000000 50.000000
152.000000 139.000000 48.000000
147.000000 422.000000 45.000000
268.000000 235.000000 178.000000
170.000000 65.000000 49.000000
272.000000 180.000000 185.000000
231.000000 381.000000 94.000000
278.000000 285.000000 182.000000
202.000000 94.000000 48.000000
240.000000 295.000000 45.000000
188.000000 438.000000 38.000000
257.000000 378.000000 112.000000
292.000000 202.000000 168.000000
292.000000 178.000000 170.000000
222.000000 411.000000 46.000000
185.000000 30.000000 54.000000
305.000000 210.000000 158.000000
218.000000 57.000000 53.000000
322.000000 265.000000 130.000000
326.000000 242.000000 108.000000
322.000000 315.000000 105.000000
220.000000 485.000000 15.000000
318.000000 179.000000 67.000000
337.000000 197.000000 45.000000
340.000000 330.000000 48.000000
270.000000 478.000000 22.000000
358.000000 335.000000 42.000000
365.000000 133.000000 42.000000
390.000000 242.000000 40.000000
415.000000 361.000000 39.000000
