185.000000 30.000000 54.000000
235.000000 125.000000 180.000000
218.000000 57.000000 53.000000
310.000000 42.000000 48.000000
170.000000 65.000000 49.000000
225.000000 125.000000 102.000000
260.000000 85.000000 48.000000
202.000000 94.000000 48.000000
245.000000 100.000000 45.000000
204.000000 122.000000 62.000000
217.000000 116.000000 47.000000
354.000000 86.000000 45.000000
85.000000 82.000000 50.000000
308.000000 122.000000 45.000000
152.000000 139.000000 48.000000
310.000000 145.000000 45.000000
365.000000 133.000000 42.000000
370.000000 168.000000 43.000000
90.000000 172.000000 45.000000
412.000000 146.000000 41.000000
108.000000 215.000000 48.000000
73.000000 202.000000 48.000000
43.000000 215.000000 48.000000
415.000000 217.000000 38.000000
390.000000 242.000000 40.000000
90.000000 264.000000 48.000000
240.000000 295.000000 45.000000
322.000000 315.000000 105.000000
72.000000 292.000000 48.000000
214.000000 370.000000 182.000000
155.000000 348.000000 88.000000
195.000000 370.000000 148.000000
28.000000 305.000000 45.000000
257.000000 378.000000 112.000000
231.000000 381.000000 94.000000
190.000000 375.000000 72.000000
248.000000 385.000000 72.000000
392.000000 350.000000 42.000000
415.000000 361.000000 39.000000
48.000000 368.000000 42.000000
260.000000 409.000000 48.000000
365.000000 390.000000 42.000000
222.000000 411.000000 46.000000
147.000000 422.000000 45.000000
389.000000 406.000000 41.000000
188.000000 438.000000 38.000000
220.000000 485.000000 15.000000
