73.000000 337.000000 47.000000
155.000000 348.000000 88.000000
133.000000 328.000000 57.000000
138.000000 320.000000 95.000000
182.000000 368.000000 120.000000
132.000000 303.000000 85.000000
160.000000 335.000000 158.000000
175.000000 353.000000 167.000000
125.000000 287.000000 77.000000
193.000000 387.000000 55.000000
198.000000 377.000000 95.000000
155.000000 312.000000 165.000000
195.000000 370.000000 148.000000
178.000000 348.000000 185.000000
150.000000 300.000000 160.000000
210.000000 375.000000 142.000000
187.000000 350.000000 195.000000
160.000000 290.000000 170.000000
214.000000 370.000000 182.000000
220.000000 485.000000 15.000000
231.000000 381.000000 94.000000
195.000000 320.000000 200.000000
235.000000 378.000000 150.000000
238.000000 380.000000 128.000000
120.000000 233.000000 57.000000
165.000000 263.000000 172.000000
248.000000 385.000000 72.000000
136.000000 225.000000 134.000000
236.000000 364.000000 201.000000
205.000000 313.000000 220.000000
248.000000 370.000000 195.000000
200.000000 270.000000 202.000000
147.000000 205.000000 148.000000
185.000000 238.000000 178.000000
123.000000 193.000000 52.000000
265.000000 362.000000 202.000000
137.000000 193.000000 82.000000
275.000000 362.000000 162.000000
130.000000 188.000000 61.000000
205.000000 260.000000 218.000000
218.000000 270.000000 212.000000
200.000000 240.000000 202.000000
187.000000 213.000000 180.000000
295.000000 360.000000 81.000000
145.000000 175.000000 83.000000
283.000000 333.000000 190.000000
217.000000 237.000000 212.000000
206.000000 224.000000 219.000000
180.000000 188.000000 181.000000
278.000000 285.000000 182.000000
228.000000 215.000000 200.000000
308.000000 320.000000 161.000000
249.000000 221.000000 212.000000
132.000000 120.000000 42.000000
204.000000 165.000000 211.000000
67.000000 92.000000 52.000000
330.000000 315.000000 55.000000
193.000000 151.000000 200.000000
187.000000 143.000000 192.000000
368.000000 430.000000 42.000000
204.000000 148.000000 211.000000
225.000000 160.000000 198.000000
195.000000 132.000000 172.000000
85.000000 82.000000 50.000000
238.000000 170.000000 205.000000
337.000000 283.000000 68.000000
211.000000 139.000000 202.000000
225.000000 125.000000 102.000000
389.000000 406.000000 41.000000
217.000000 116.000000 47.000000
338.000000 238.000000 68.000000
348.000000 249.000000 67.000000
348.000000 237.000000 67.000000
232.000000 111.000000 48.000000
257.000000 127.000000 67.000000
335.000000 210.000000 63.000000
318.000000 179.000000 67.000000
292.000000 142.000000 62.000000
302.000000 150.000000 55.000000
312.000000 162.000000 48.000000
292.000000 140.000000 50.000000
418.000000 301.000000 38.000000
