22.000000 317.000000 77.000000
52.000000 445.000000 82.000000
56.000000 429.000000 77.000000
32.000000 310.000000 80.000000
55.000000 458.000000 88.000000
20.000000 270.000000 77.000000
66.000000 468.000000 95.000000
70.000000 450.000000 85.000000
80.000000 433.000000 80.000000
60.000000 301.000000 78.000000
90.000000 427.000000 70.000000
103.000000 372.000000 75.000000
94.000000 330.000000 78.000000
108.000000 442.000000 85.000000
55.000000 223.000000 79.000000
32.000000 192.000000 85.000000
138.000000 372.000000 62.000000
123.000000 303.000000 80.000000
152.000000 345.000000 76.000000
125.000000 265.000000 78.000000
38.000000 149.000000 76.000000
25.000000 135.000000 78.000000
20.000000 123.000000 77.000000
152.000000 270.000000 70.000000
162.000000 255.000000 78.000000
50.000000 112.000000 85.000000
83.000000 130.000000 75.000000
167.000000 230.000000 78.000000
150.000000 200.000000 78.000000
167.000000 215.000000 77.000000
96.000000 106.000000 76.000000
110.000000 115.000000 38.000000
139.000000 126.000000 62.000000
160.000000 149.000000 76.000000
130.000000 109.000000 64.000000
162.000000 127.000000 78.000000
127.000000 53.000000 77.000000
148.000000 62.000000 78.000000
143.000000 53.000000 77.000000
