26.000000 99.000000 77.000000
63.000000 27.000000 77.000000
32.000000 125.000000 75.000000
25.000000 135.000000 78.000000
60.000000 95.000000 70.000000
85.000000 75.000000 70.000000
59.000000 136.000000 78.000000
27.000000 175.000000 75.000000
83.000000 130.000000 75.000000
127.000000 53.000000 77.000000
125.000000 85.000000 78.000000
105.000000 130.000000 80.000000
130.000000 109.000000 64.000000
90.000000 175.000000 78.000000
115.000000 162.000000 78.000000
139.000000 126.000000 62.000000
20.000000 270.000000 77.000000
105.000000 210.000000 78.000000
162.000000 127.000000 78.000000
82.000000 240.000000 81.000000
160.000000 149.000000 76.000000
22.000000 317.000000 77.000000
125.000000 265.000000 78.000000
123.000000 303.000000 80.000000
94.000000 330.000000 78.000000
67.000000 360.000000 80.000000
80.000000 395.000000 76.000000
138.000000 372.000000 62.000000
165.000000 360.000000 77.000000
55.000000 458.000000 88.000000
