97.000000 485.000000 104.000000
90.000000 461.000000 91.000000
108.000000 442.000000 85.000000
95.000000 445.000000 80.000000
117.000000 420.000000 78.000000
80.000000 433.000000 80.000000
56.000000 429.000000 77.000000
102.000000 402.000000 76.000000
146.000000 378.000000 67.000000
103.000000 372.000000 75.000000
152.000000 345.000000 76.000000
94.000000 330.000000 78.000000
40.000000 345.000000 75.000000
123.000000 303.000000 80.000000
152.000000 270.000000 70.000000
95.000000 275.000000 78.000000
125.000000 265.000000 78.000000
82.000000 240.000000 81.000000
118.000000 230.000000 70.000000
38.000000 242.000000 80.000000
80.000000 220.000000 70.000000
115.000000 212.000000 78.000000
150.000000 200.000000 78.000000
90.000000 175.000000 78.000000
158.000000 170.000000 80.000000
115.000000 162.000000 78.000000
105.000000 130.000000 80.000000
25.000000 135.000000 78.000000
58.000000 118.000000 35.000000
78.000000 108.000000 38.000000
45.000000 113.000000 66.000000
125.000000 85.000000 78.000000
103.000000 75.000000 85.000000
98.000000 36.000000 77.000000
