130.000000 140.000000 85.000000
35.000000 140.000000 80.000000
40.000000 90.000000 50.000000
35.000000 75.000000 75.000000
165.000000 150.000000 80.000000
160.000000 230.000000 80.000000
60.000000 110.000000 85.000000
165.000000 100.000000 75.000000
75.000000 25.000000 75.000000
95.000000 40.000000 80.000000
75.000000 215.000000 70.000000
25.000000 270.000000 75.000000
160.000000 135.000000 80.000000
95.000000 210.000000 85.000000
120.000000 200.000000 85.000000
30.000000 325.000000 75.000000
80.000000 360.000000 85.000000
160.000000 230.000000 80.000000
135.000000 110.000000 65.000000
160.000000 230.000000 80.000000
155.000000 185.000000 70.000000
165.000000 285.000000 80.000000
45.000000 395.000000 75.000000
170.000000 185.000000 75.000000
110.000000 405.000000 80.000000
170.000000 230.000000 80.000000
170.000000 255.000000 80.000000
40.000000 420.000000 80.000000
145.000000 410.000000 75.000000
120.000000 420.000000 75.000000
140.000000 370.000000 60.000000
95.000000 435.000000 70.000000
55.000000 465.000000 90.000000
150.000000 410.000000 80.000000
105.000000 475.000000 95.000000
