97.000000 485.000000 104.000000
80.000000 479.000000 101.000000
90.000000 461.000000 91.000000
108.000000 442.000000 85.000000
95.000000 445.000000 80.000000
146.000000 405.000000 78.000000
95.000000 430.000000 80.000000
70.000000 450.000000 85.000000
146.000000 378.000000 67.000000
148.000000 378.000000 32.000000
56.000000 429.000000 77.000000
80.000000 395.000000 76.000000
103.000000 372.000000 75.000000
94.000000 330.000000 78.000000
152.000000 270.000000 70.000000
60.000000 301.000000 78.000000
32.000000 310.000000 80.000000
125.000000 265.000000 78.000000
95.000000 275.000000 78.000000
149.000000 239.000000 74.000000
37.000000 272.000000 78.000000
82.000000 240.000000 81.000000
20.000000 270.000000 77.000000
115.000000 212.000000 78.000000
38.000000 242.000000 80.000000
55.000000 223.000000 79.000000
65.000000 164.000000 79.000000
139.000000 126.000000 62.000000
105.000000 130.000000 80.000000
25.000000 135.000000 78.000000
138.000000 90.000000 42.000000
