95.000000 480.000000 105.000000
85.000000 455.000000 95.000000
105.000000 435.000000 85.000000
95.000000 435.000000 80.000000
95.000000 320.000000 85.000000
80.000000 430.000000 80.000000
45.000000 410.000000 80.000000
65.000000 265.000000 85.000000
145.000000 375.000000 65.000000
65.000000 225.000000 85.000000
150.000000 200.000000 85.000000
65.000000 200.000000 85.000000
30.000000 325.000000 75.000000
115.000000 245.000000 85.000000
150.000000 240.000000 70.000000
75.000000 160.000000 85.000000
110.000000 130.000000 85.000000
75.000000 210.000000 85.000000
115.000000 210.000000 70.000000
25.000000 215.000000 80.000000
75.000000 190.000000 70.000000
100.000000 75.000000 85.000000
150.000000 125.000000 80.000000
75.000000 75.000000 85.000000
160.000000 135.000000 80.000000
105.000000 45.000000 80.000000
100.000000 75.000000 85.000000
20.000000 120.000000 80.000000
55.000000 100.000000 35.000000
75.000000 105.000000 40.000000
45.000000 110.000000 65.000000
120.000000 50.000000 80.000000
100.000000 75.000000 85.000000
95.000000 20.000000 75.000000
