165.000000 360.000000 77.000000
152.000000 270.000000 70.000000
138.000000 372.000000 62.000000
146.000000 405.000000 78.000000
150.000000 200.000000 78.000000
135.000000 220.000000 70.000000
162.000000 127.000000 78.000000
132.000000 177.000000 85.000000
102.000000 402.000000 76.000000
111.000000 192.000000 70.000000
159.000000 110.000000 18.000000
160.000000 99.000000 78.000000
139.000000 126.000000 62.000000
108.000000 442.000000 85.000000
115.000000 162.000000 78.000000
90.000000 175.000000 78.000000
90.000000 461.000000 91.000000
57.000000 258.000000 76.000000
125.000000 85.000000 78.000000
55.000000 223.000000 79.000000
80.000000 479.000000 101.000000
40.000000 345.000000 75.000000
83.000000 130.000000 75.000000
65.000000 164.000000 79.000000
48.000000 178.000000 75.000000
59.000000 136.000000 78.000000
72.000000 45.000000 78.000000
46.000000 82.000000 80.000000
26.000000 99.000000 77.000000
48.000000 58.000000 77.000000
41.000000 46.000000 76.000000
