108.000000 18.000000 78.000000
125.000000 85.000000 78.000000
85.000000 75.000000 70.000000
142.000000 92.000000 65.000000
130.000000 109.000000 64.000000
96.000000 106.000000 76.000000
45.000000 85.000000 38.000000
78.000000 108.000000 38.000000
48.000000 92.000000 22.000000
105.000000 130.000000 80.000000
26.000000 99.000000 77.000000
128.000000 139.000000 81.000000
83.000000 130.000000 75.000000
59.000000 136.000000 78.000000
133.000000 178.000000 70.000000
150.000000 200.000000 78.000000
68.000000 198.000000 85.000000
90.000000 206.000000 85.000000
21.000000 215.000000 76.000000
82.000000 240.000000 81.000000
125.000000 265.000000 78.000000
67.000000 360.000000 80.000000
108.000000 442.000000 85.000000
97.000000 485.000000 104.000000
