30.000000 300.000000 80.000000
75.000000 160.000000 85.000000
15.000000 260.000000 80.000000
155.000000 100.000000 80.000000
155.000000 110.000000 15.000000
35.000000 300.000000 70.000000
85.000000 225.000000 70.000000
95.000000 175.000000 70.000000
135.000000 125.000000 60.000000
65.000000 420.000000 80.000000
35.000000 240.000000 70.000000
25.000000 215.000000 80.000000
20.000000 150.000000 80.000000
30.000000 410.000000 80.000000
85.000000 190.000000 70.000000
25.000000 215.000000 80.000000
75.000000 190.000000 85.000000
95.000000 40.000000 80.000000
85.000000 205.000000 70.000000
25.000000 170.000000 80.000000
135.000000 370.000000 60.000000
100.000000 75.000000 85.000000
20.000000 120.000000 75.000000
75.000000 75.000000 70.000000
30.000000 410.000000 80.000000
30.000000 265.000000 80.000000
15.000000 145.000000 75.000000
20.000000 245.000000 80.000000
30.000000 380.000000 80.000000
40.000000 80.000000 80.000000
20.000000 120.000000 75.000000
40.000000 420.000000 75.000000
45.000000 60.000000 75.000000
20.000000 135.000000 80.000000
15.000000 215.000000 75.000000
20.000000 120.000000 75.000000
20.000000 350.000000 75.000000
85.000000 470.000000 90.000000
40.000000 435.000000 75.000000
70.000000 455.000000 85.000000
30.000000 395.000000 75.000000
75.000000 480.000000 100.000000
