162.000000 127.000000 78.000000
160.000000 99.000000 78.000000
158.000000 170.000000 80.000000
159.000000 110.000000 18.000000
168.000000 245.000000 77.000000
150.000000 200.000000 78.000000
139.000000 126.000000 62.000000
170.000000 265.000000 75.000000
162.000000 255.000000 78.000000
128.000000 139.000000 81.000000
135.000000 220.000000 70.000000
152.000000 270.000000 70.000000
127.000000 53.000000 77.000000
115.000000 162.000000 78.000000
105.000000 210.000000 78.000000
83.000000 130.000000 75.000000
165.000000 360.000000 77.000000
152.000000 345.000000 76.000000
65.000000 164.000000 79.000000
138.000000 372.000000 62.000000
48.000000 178.000000 75.000000
55.000000 223.000000 79.000000
38.000000 149.000000 76.000000
57.000000 258.000000 76.000000
25.000000 135.000000 78.000000
103.000000 372.000000 75.000000
38.000000 242.000000 80.000000
20.000000 123.000000 77.000000
18.000000 148.000000 77.000000
35.000000 395.000000 77.000000
