66.000000 468.000000 95.000000
52.000000 445.000000 82.000000
95.000000 445.000000 80.000000
80.000000 433.000000 80.000000
90.000000 427.000000 70.000000
37.000000 417.000000 78.000000
117.000000 420.000000 78.000000
35.000000 395.000000 77.000000
102.000000 402.000000 76.000000
80.000000 395.000000 76.000000
103.000000 372.000000 75.000000
146.000000 378.000000 67.000000
94.000000 330.000000 78.000000
152.000000 345.000000 76.000000
60.000000 301.000000 78.000000
123.000000 303.000000 80.000000
37.000000 272.000000 78.000000
95.000000 275.000000 78.000000
82.000000 240.000000 81.000000
100.000000 240.000000 70.000000
55.000000 223.000000 79.000000
92.000000 205.000000 70.000000
150.000000 200.000000 78.000000
27.000000 175.000000 75.000000
90.000000 175.000000 78.000000
65.000000 164.000000 79.000000
158.000000 170.000000 80.000000
59.000000 136.000000 78.000000
160.000000 149.000000 76.000000
139.000000 126.000000 62.000000
96.000000 106.000000 76.000000
148.000000 112.000000 32.000000
132.000000 98.000000 35.000000
125.000000 85.000000 78.000000
72.000000 45.000000 78.000000
63.000000 27.000000 77.000000
