63.000000 27.000000 77.000000
48.000000 58.000000 77.000000
85.000000 75.000000 70.000000
45.000000 85.000000 38.000000
32.000000 92.000000 53.000000
60.000000 95.000000 70.000000
48.000000 92.000000 22.000000
125.000000 85.000000 78.000000
96.000000 106.000000 76.000000
142.000000 92.000000 65.000000
32.000000 125.000000 75.000000
83.000000 130.000000 75.000000
59.000000 136.000000 78.000000
105.000000 130.000000 80.000000
38.000000 149.000000 76.000000
128.000000 139.000000 81.000000
65.000000 164.000000 79.000000
48.000000 178.000000 75.000000
133.000000 178.000000 70.000000
68.000000 198.000000 85.000000
111.000000 192.000000 70.000000
150.000000 200.000000 78.000000
55.000000 223.000000 79.000000
38.000000 242.000000 80.000000
82.000000 240.000000 81.000000
57.000000 258.000000 76.000000
152.000000 270.000000 70.000000
60.000000 301.000000 78.000000
67.000000 360.000000 80.000000
138.000000 372.000000 62.000000
55.000000 458.000000 88.000000
