20.000000 123.000000 77.000000
25.000000 135.000000 78.000000
32.000000 92.000000 53.000000
32.000000 76.000000 77.000000
32.000000 125.000000 75.000000
27.000000 175.000000 75.000000
50.000000 112.000000 85.000000
60.000000 95.000000 70.000000
63.000000 27.000000 77.000000
72.000000 45.000000 78.000000
60.000000 205.000000 70.000000
20.000000 270.000000 77.000000
105.000000 130.000000 80.000000
90.000000 206.000000 85.000000
100.000000 192.000000 85.000000
22.000000 317.000000 77.000000
32.000000 310.000000 80.000000
105.000000 210.000000 78.000000
130.000000 109.000000 64.000000
115.000000 212.000000 78.000000
133.000000 178.000000 70.000000
125.000000 265.000000 78.000000
30.000000 380.000000 77.000000
164.000000 185.000000 76.000000
67.000000 360.000000 80.000000
167.000000 230.000000 78.000000
162.000000 255.000000 78.000000
37.000000 417.000000 78.000000
103.000000 372.000000 75.000000
102.000000 402.000000 76.000000
138.000000 372.000000 62.000000
90.000000 427.000000 70.000000
55.000000 458.000000 88.000000
146.000000 405.000000 78.000000
90.000000 461.000000 91.000000
