65.000000 30.000000 75.000000
45.000000 60.000000 75.000000
85.000000 85.000000 70.000000
45.000000 85.000000 35.000000
30.000000 95.000000 50.000000
65.000000 135.000000 70.000000
50.000000 95.000000 20.000000
150.000000 125.000000 80.000000
130.000000 210.000000 85.000000
150.000000 110.000000 65.000000
30.000000 135.000000 75.000000
120.000000 285.000000 85.000000
65.000000 225.000000 85.000000
115.000000 165.000000 85.000000
40.000000 275.000000 85.000000
150.000000 200.000000 85.000000
75.000000 235.000000 85.000000
60.000000 455.000000 90.000000
135.000000 190.000000 70.000000
65.000000 200.000000 85.000000
115.000000 210.000000 70.000000
160.000000 230.000000 80.000000
60.000000 355.000000 85.000000
40.000000 275.000000 85.000000
85.000000 275.000000 85.000000
65.000000 420.000000 80.000000
150.000000 275.000000 70.000000
65.000000 420.000000 80.000000
70.000000 445.000000 85.000000
140.000000 385.000000 60.000000
55.000000 465.000000 90.000000
