170.000000 265.000000 75.000000
158.000000 170.000000 80.000000
149.000000 239.000000 74.000000
160.000000 99.000000 78.000000
159.000000 110.000000 18.000000
152.000000 270.000000 70.000000
135.000000 220.000000 70.000000
133.000000 178.000000 70.000000
139.000000 126.000000 62.000000
165.000000 360.000000 77.000000
118.000000 230.000000 70.000000
115.000000 212.000000 78.000000
115.000000 162.000000 78.000000
152.000000 345.000000 76.000000
111.000000 192.000000 70.000000
105.000000 210.000000 78.000000
100.000000 192.000000 85.000000
127.000000 53.000000 77.000000
92.000000 205.000000 70.000000
90.000000 175.000000 78.000000
138.000000 372.000000 62.000000
103.000000 75.000000 85.000000
83.000000 130.000000 75.000000
85.000000 75.000000 70.000000
103.000000 372.000000 75.000000
57.000000 258.000000 76.000000
38.000000 149.000000 76.000000
38.000000 242.000000 80.000000
67.000000 360.000000 80.000000
46.000000 82.000000 80.000000
32.000000 125.000000 75.000000
80.000000 395.000000 76.000000
48.000000 58.000000 77.000000
25.000000 135.000000 78.000000
21.000000 215.000000 76.000000
20.000000 123.000000 77.000000
40.000000 345.000000 75.000000
90.000000 461.000000 91.000000
56.000000 429.000000 77.000000
70.000000 450.000000 85.000000
35.000000 395.000000 77.000000
80.000000 479.000000 101.000000
