95.000000 480.000000 105.000000
75.000000 480.000000 100.000000
85.000000 455.000000 95.000000
105.000000 435.000000 85.000000
80.000000 430.000000 80.000000
140.000000 395.000000 80.000000
95.000000 425.000000 80.000000
70.000000 445.000000 85.000000
145.000000 375.000000 65.000000
150.000000 375.000000 30.000000
30.000000 410.000000 80.000000
40.000000 345.000000 80.000000
30.000000 230.000000 85.000000
65.000000 265.000000 85.000000
140.000000 215.000000 70.000000
20.000000 230.000000 80.000000
30.000000 300.000000 80.000000
80.000000 105.000000 85.000000
65.000000 200.000000 85.000000
110.000000 25.000000 80.000000
30.000000 265.000000 80.000000
65.000000 200.000000 85.000000
20.000000 270.000000 80.000000
75.000000 75.000000 85.000000
25.000000 215.000000 80.000000
20.000000 150.000000 80.000000
40.000000 90.000000 80.000000
140.000000 125.000000 60.000000
95.000000 75.000000 85.000000
20.000000 120.000000 80.000000
135.000000 90.000000 40.000000
