22.000000 317.000000 77.000000
32.000000 310.000000 80.000000
37.000000 272.000000 78.000000
37.000000 417.000000 78.000000
27.000000 175.000000 75.000000
60.000000 301.000000 78.000000
55.000000 223.000000 79.000000
48.000000 178.000000 75.000000
25.000000 135.000000 78.000000
52.000000 445.000000 82.000000
55.000000 458.000000 88.000000
70.000000 450.000000 85.000000
103.000000 372.000000 75.000000
90.000000 427.000000 70.000000
50.000000 112.000000 85.000000
90.000000 461.000000 91.000000
115.000000 212.000000 78.000000
83.000000 130.000000 75.000000
138.000000 372.000000 62.000000
108.000000 475.000000 101.000000
105.000000 130.000000 80.000000
152.000000 345.000000 76.000000
110.000000 115.000000 38.000000
130.000000 109.000000 64.000000
139.000000 126.000000 62.000000
158.000000 170.000000 80.000000
127.000000 53.000000 77.000000
143.000000 53.000000 77.000000
