55.000000 458.000000 88.000000
97.000000 485.000000 104.000000
70.000000 450.000000 85.000000
90.000000 461.000000 91.000000
37.000000 417.000000 78.000000
108.000000 475.000000 101.000000
38.000000 402.000000 38.000000
90.000000 427.000000 70.000000
35.000000 395.000000 77.000000
132.000000 455.000000 88.000000
40.000000 345.000000 75.000000
103.000000 372.000000 75.000000
146.000000 405.000000 78.000000
146.000000 378.000000 67.000000
94.000000 330.000000 78.000000
152.000000 345.000000 76.000000
95.000000 275.000000 78.000000
57.000000 258.000000 76.000000
125.000000 265.000000 78.000000
82.000000 240.000000 81.000000
55.000000 223.000000 79.000000
162.000000 255.000000 78.000000
149.000000 239.000000 74.000000
60.000000 205.000000 70.000000
48.000000 178.000000 75.000000
150.000000 200.000000 78.000000
65.000000 164.000000 79.000000
132.000000 177.000000 85.000000
164.000000 185.000000 76.000000
115.000000 162.000000 78.000000
158.000000 170.000000 80.000000
59.000000 136.000000 78.000000
105.000000 130.000000 80.000000
45.000000 113.000000 66.000000
96.000000 106.000000 76.000000
72.000000 45.000000 78.000000
98.000000 36.000000 77.000000
