37.000000 417.000000 78.000000
55.000000 458.000000 88.000000
52.000000 445.000000 82.000000
66.000000 468.000000 95.000000
35.000000 395.000000 77.000000
30.000000 380.000000 77.000000
70.000000 450.000000 85.000000
90.000000 461.000000 91.000000
95.000000 445.000000 80.000000
90.000000 427.000000 70.000000
95.000000 430.000000 80.000000
22.000000 317.000000 77.000000
132.000000 455.000000 88.000000
103.000000 372.000000 75.000000
20.000000 270.000000 77.000000
37.000000 272.000000 78.000000
57.000000 258.000000 76.000000
95.000000 275.000000 78.000000
125.000000 265.000000 78.000000
48.000000 178.000000 75.000000
165.000000 270.000000 80.000000
105.000000 210.000000 78.000000
115.000000 212.000000 78.000000
170.000000 265.000000 75.000000
150.000000 200.000000 78.000000
115.000000 162.000000 78.000000
45.000000 113.000000 66.000000
83.000000 130.000000 75.000000
96.000000 106.000000 76.000000
139.000000 126.000000 62.000000
125.000000 85.000000 78.000000
127.000000 53.000000 77.000000
98.000000 36.000000 77.000000
