32.000000 76.000000 77.000000
26.000000 99.000000 77.000000
20.000000 123.000000 77.000000
48.000000 58.000000 77.000000
63.000000 27.000000 77.000000
60.000000 95.000000 70.000000
38.000000 149.000000 76.000000
48.000000 178.000000 75.000000
21.000000 215.000000 76.000000
65.000000 164.000000 79.000000
83.000000 130.000000 75.000000
96.000000 106.000000 76.000000
106.000000 71.000000 70.000000
60.000000 205.000000 70.000000
90.000000 175.000000 78.000000
20.000000 270.000000 77.000000
130.000000 109.000000 64.000000
132.000000 98.000000 35.000000
139.000000 126.000000 62.000000
111.000000 192.000000 70.000000
105.000000 210.000000 78.000000
115.000000 212.000000 78.000000
22.000000 317.000000 77.000000
32.000000 310.000000 80.000000
160.000000 149.000000 76.000000
150.000000 200.000000 78.000000
30.000000 380.000000 77.000000
165.000000 270.000000 80.000000
103.000000 372.000000 75.000000
138.000000 372.000000 62.000000
102.000000 402.000000 76.000000
165.000000 360.000000 77.000000
55.000000 458.000000 88.000000
