155.000000 360.000000 75.000000
125.000000 265.000000 70.000000
135.000000 370.000000 60.000000
55.000000 435.000000 80.000000
35.000000 155.000000 85.000000
95.000000 210.000000 70.000000
160.000000 125.000000 75.000000
130.000000 175.000000 85.000000
40.000000 420.000000 80.000000
60.000000 170.000000 70.000000
155.000000 110.000000 15.000000
140.000000 80.000000 80.000000
135.000000 125.000000 60.000000
95.000000 445.000000 85.000000
20.000000 120.000000 80.000000
20.000000 150.000000 80.000000
70.000000 470.000000 95.000000
20.000000 255.000000 75.000000
60.000000 40.000000 80.000000
25.000000 215.000000 80.000000
75.000000 480.000000 100.000000
25.000000 345.000000 75.000000
20.000000 100.000000 75.000000
20.000000 150.000000 80.000000
15.000000 165.000000 75.000000
30.000000 125.000000 80.000000
60.000000 40.000000 80.000000
40.000000 80.000000 80.000000
25.000000 95.000000 80.000000
45.000000 55.000000 80.000000
40.000000 45.000000 75.000000
