320.000000 335.000000 45.000000
340.000000 390.000000 45.000000
330.000000 150.000000 50.000000
200.000000 125.000000 80.000000
220.000000 370.000000 180.000000
185.000000 140.000000 180.000000
260.000000 220.000000 185.000000
210.000000 470.000000 25.000000
245.000000 300.000000 205.000000
205.000000 265.000000 220.000000
240.000000 210.000000 215.000000
210.000000 170.000000 215.000000
230.000000 135.000000 195.000000
205.000000 125.000000 110.000000
195.000000 360.000000 200.000000
195.000000 130.000000 175.000000
195.000000 140.000000 200.000000
145.000000 245.000000 155.000000
145.000000 35.000000 50.000000
95.000000 415.000000 40.000000
