341.000000 331.000000 53.000000
301.000000 350.000000 100.000000
311.000000 208.000000 141.000000
303.000000 365.000000 56.000000
291.000000 345.000000 168.000000
334.000000 152.000000 49.000000
303.000000 163.000000 91.000000
287.000000 170.000000 165.000000
259.000000 301.000000 204.000000
266.000000 220.000000 182.000000
247.000000 377.000000 118.000000
248.000000 373.000000 155.000000
243.000000 212.000000 212.000000
248.000000 177.000000 208.000000
209.000000 307.000000 206.000000
236.000000 136.000000 195.000000
214.000000 126.000000 108.000000
146.000000 247.000000 152.000000
123.000000 282.000000 73.000000
126.000000 188.000000 55.000000
162.000000 47.000000 51.000000
