123.000000 282.000000 73.000000
149.000000 296.000000 152.000000
175.000000 352.000000 151.000000
113.000000 240.000000 59.000000
204.000000 355.000000 201.000000
209.000000 307.000000 206.000000
126.000000 188.000000 55.000000
247.000000 377.000000 118.000000
185.000000 224.000000 179.000000
210.000000 252.000000 207.000000
153.000000 163.000000 90.000000
244.000000 262.000000 211.000000
210.000000 206.000000 208.000000
183.000000 164.000000 187.000000
175.000000 143.000000 131.000000
299.000000 414.000000 48.000000
303.000000 365.000000 56.000000
203.000000 130.000000 171.000000
326.000000 304.000000 88.000000
232.000000 113.000000 54.000000
