268.000000 475.000000 25.000000
178.000000 376.000000 68.000000
267.000000 377.000000 84.000000
175.000000 352.000000 151.000000
204.000000 355.000000 201.000000
303.000000 365.000000 56.000000
301.000000 350.000000 100.000000
257.000000 345.000000 207.000000
291.000000 345.000000 168.000000
351.000000 382.000000 45.000000
390.000000 410.000000 41.000000
149.000000 296.000000 152.000000
209.000000 307.000000 206.000000
259.000000 301.000000 204.000000
314.000000 310.000000 147.000000
326.000000 304.000000 88.000000
155.000000 184.000000 153.000000
248.000000 177.000000 208.000000
232.000000 113.000000 54.000000
137.000000 98.000000 46.000000
