347.000000 76.000000 46.000000
265.000000 132.000000 96.000000
334.000000 152.000000 49.000000
303.000000 163.000000 91.000000
287.000000 170.000000 165.000000
248.000000 177.000000 208.000000
311.000000 208.000000 141.000000
183.000000 164.000000 187.000000
243.000000 212.000000 212.000000
326.000000 304.000000 88.000000
146.000000 247.000000 152.000000
314.000000 310.000000 147.000000
209.000000 307.000000 206.000000
123.000000 282.000000 73.000000
37.000000 208.000000 49.000000
204.000000 355.000000 201.000000
275.000000 382.000000 56.000000
178.000000 376.000000 68.000000
390.000000 410.000000 41.000000
