334.000000 152.000000 49.000000
303.000000 163.000000 91.000000
325.000000 249.000000 111.000000
265.000000 132.000000 96.000000
260.000000 133.000000 159.000000
341.000000 331.000000 53.000000
314.000000 310.000000 147.000000
266.000000 220.000000 182.000000
248.000000 177.000000 208.000000
236.000000 136.000000 195.000000
243.000000 212.000000 212.000000
291.000000 345.000000 168.000000
214.000000 126.000000 108.000000
244.000000 262.000000 211.000000
259.000000 301.000000 204.000000
299.000000 414.000000 48.000000
331.000000 448.000000 39.000000
157.000000 147.000000 51.000000
146.000000 247.000000 152.000000
126.000000 188.000000 55.000000
123.000000 282.000000 73.000000
