335.000000 230.000000 65.000000
120.000000 250.000000 55.000000
305.000000 175.000000 135.000000
285.000000 355.000000 170.000000
185.000000 165.000000 190.000000
270.000000 140.000000 185.000000
125.000000 280.000000 70.000000
260.000000 270.000000 195.000000
220.000000 370.000000 165.000000
235.000000 115.000000 50.000000
215.000000 205.000000 210.000000
250.000000 275.000000 220.000000
270.000000 35.000000 50.000000
250.000000 265.000000 215.000000
265.000000 290.000000 45.000000
230.000000 390.000000 60.000000
255.000000 375.000000 155.000000
350.000000 270.000000 55.000000
340.000000 390.000000 50.000000
