340.000000 325.000000 50.000000
125.000000 240.000000 80.000000
165.000000 145.000000 60.000000
165.000000 170.000000 170.000000
15.000000 270.000000 45.000000
215.000000 270.000000 220.000000
260.000000 130.000000 145.000000
175.000000 375.000000 70.000000
235.000000 255.000000 215.000000
200.000000 305.000000 210.000000
225.000000 170.000000 195.000000
330.000000 150.000000 50.000000
240.000000 210.000000 215.000000
240.000000 170.000000 210.000000
120.000000 280.000000 70.000000
200.000000 160.000000 210.000000
130.000000 90.000000 45.000000
