341.000000 331.000000 53.000000
301.000000 350.000000 100.000000
326.000000 304.000000 88.000000
314.000000 310.000000 147.000000
267.000000 377.000000 84.000000
259.000000 301.000000 204.000000
311.000000 208.000000 141.000000
178.000000 376.000000 68.000000
244.000000 262.000000 211.000000
209.000000 307.000000 206.000000
266.000000 220.000000 182.000000
334.000000 152.000000 49.000000
243.000000 212.000000 212.000000
248.000000 177.000000 208.000000
123.000000 282.000000 73.000000
209.000000 172.000000 208.000000
137.000000 98.000000 46.000000
