414.000000 326.000000 39.000000
301.000000 350.000000 100.000000
341.000000 331.000000 53.000000
267.000000 377.000000 84.000000
326.000000 304.000000 88.000000
314.000000 310.000000 147.000000
325.000000 249.000000 111.000000
178.000000 376.000000 68.000000
175.000000 352.000000 151.000000
311.000000 208.000000 141.000000
243.000000 212.000000 212.000000
334.000000 152.000000 49.000000
248.000000 177.000000 208.000000
146.000000 247.000000 152.000000
113.000000 240.000000 59.000000
126.000000 188.000000 55.000000
