153.000000 163.000000 90.000000
126.000000 188.000000 55.000000
131.000000 223.000000 104.000000
113.000000 240.000000 59.000000
183.000000 164.000000 187.000000
204.000000 141.000000 201.000000
146.000000 247.000000 152.000000
232.000000 113.000000 54.000000
209.000000 172.000000 208.000000
185.000000 224.000000 179.000000
123.000000 282.000000 73.000000
261.000000 36.000000 52.000000
210.000000 206.000000 208.000000
265.000000 132.000000 96.000000
210.000000 252.000000 207.000000
243.000000 212.000000 212.000000
259.000000 283.000000 45.000000
204.000000 355.000000 201.000000
102.000000 412.000000 42.000000
248.000000 373.000000 155.000000
225.000000 388.000000 59.000000
