334.000000 152.000000 49.000000
303.000000 163.000000 91.000000
265.000000 132.000000 96.000000
287.000000 170.000000 165.000000
325.000000 249.000000 111.000000
232.000000 113.000000 54.000000
214.000000 126.000000 108.000000
266.000000 220.000000 182.000000
203.000000 130.000000 171.000000
243.000000 212.000000 212.000000
341.000000 331.000000 53.000000
259.000000 283.000000 45.000000
351.000000 382.000000 45.000000
390.000000 410.000000 41.000000
257.000000 345.000000 207.000000
275.000000 382.000000 56.000000
204.000000 355.000000 201.000000
178.000000 376.000000 68.000000
47.000000 313.000000 46.000000
