334.000000 152.000000 49.000000
265.000000 132.000000 96.000000
260.000000 133.000000 159.000000
303.000000 163.000000 91.000000
232.000000 113.000000 54.000000
287.000000 170.000000 165.000000
311.000000 208.000000 141.000000
248.000000 177.000000 208.000000
325.000000 249.000000 111.000000
326.000000 304.000000 88.000000
314.000000 310.000000 147.000000
146.000000 247.000000 152.000000
303.000000 365.000000 56.000000
123.000000 282.000000 73.000000
247.000000 377.000000 118.000000
37.000000 208.000000 49.000000
275.000000 382.000000 56.000000
390.000000 410.000000 41.000000
138.000000 333.000000 69.000000
178.000000 376.000000 68.000000
