268.000000 475.000000 25.000000
267.000000 377.000000 84.000000
303.000000 365.000000 56.000000
178.000000 376.000000 68.000000
291.000000 345.000000 168.000000
326.000000 304.000000 88.000000
209.000000 307.000000 206.000000
149.000000 296.000000 152.000000
325.000000 249.000000 111.000000
210.000000 252.000000 207.000000
171.000000 248.000000 45.000000
146.000000 247.000000 152.000000
47.000000 313.000000 46.000000
243.000000 212.000000 212.000000
113.000000 240.000000 59.000000
210.000000 206.000000 208.000000
287.000000 170.000000 165.000000
155.000000 184.000000 153.000000
183.000000 164.000000 187.000000
157.000000 147.000000 51.000000
232.000000 113.000000 54.000000
