120.000000 240.000000 55.000000
125.000000 280.000000 70.000000
130.000000 185.000000 55.000000
255.000000 125.000000 80.000000
250.000000 375.000000 160.000000
180.000000 140.000000 130.000000
250.000000 140.000000 200.000000
240.000000 250.000000 215.000000
260.000000 315.000000 220.000000
215.000000 205.000000 210.000000
210.000000 125.000000 170.000000
225.000000 365.000000 205.000000
250.000000 265.000000 215.000000
275.000000 285.000000 45.000000
250.000000 380.000000 115.000000
255.000000 375.000000 155.000000
280.000000 450.000000 35.000000
370.000000 385.000000 45.000000
270.000000 35.000000 50.000000
370.000000 385.000000 45.000000
