138.000000 431.000000 80.000000
95.000000 395.000000 76.000000
34.000000 397.000000 32.000000
153.000000 382.000000 64.000000
33.000000 381.000000 64.000000
106.000000 357.000000 78.000000
35.000000 360.000000 55.000000
34.000000 304.000000 77.000000
160.000000 282.000000 77.000000
32.000000 253.000000 77.000000
158.000000 234.000000 77.000000
40.000000 200.000000 77.000000
156.000000 194.000000 78.000000
115.000000 147.000000 79.000000
33.000000 129.000000 47.000000
84.000000 122.000000 80.000000
