50.000000 295.000000 85.000000
65.000000 225.000000 85.000000
85.000000 140.000000 85.000000
40.000000 90.000000 80.000000
150.000000 380.000000 65.000000
85.000000 65.000000 70.000000
20.000000 245.000000 80.000000
15.000000 185.000000 80.000000
40.000000 380.000000 80.000000
130.000000 435.000000 80.000000
60.000000 55.000000 80.000000
20.000000 200.000000 75.000000
35.000000 375.000000 65.000000
20.000000 255.000000 75.000000
20.000000 305.000000 75.000000
20.000000 150.000000 80.000000
30.000000 410.000000 80.000000
25.000000 105.000000 80.000000
35.000000 60.000000 75.000000
