145.000000 410.000000 80.000000
95.000000 240.000000 85.000000
30.000000 395.000000 30.000000
150.000000 380.000000 65.000000
30.000000 375.000000 65.000000
115.000000 215.000000 85.000000
35.000000 355.000000 55.000000
25.000000 255.000000 80.000000
165.000000 245.000000 80.000000
25.000000 230.000000 75.000000
160.000000 215.000000 75.000000
30.000000 125.000000 80.000000
165.000000 150.000000 80.000000
120.000000 50.000000 80.000000
30.000000 125.000000 45.000000
85.000000 65.000000 85.000000
