211.000000 112.000000 118.000000
184.000000 127.000000 103.000000
223.000000 91.000000 115.000000
175.000000 128.000000 99.000000
171.000000 133.000000 97.000000
156.000000 152.000000 112.000000
152.000000 157.000000 104.000000
158.000000 142.000000 88.000000
154.000000 151.000000 124.000000
170.000000 116.000000 87.000000
152.000000 143.000000 104.000000
156.000000 147.000000 148.000000
148.000000 141.000000 98.000000
166.000000 112.000000 67.000000
149.000000 134.000000 78.000000
145.000000 138.000000 91.000000
158.000000 116.000000 73.000000
147.000000 147.000000 148.000000
166.000000 115.000000 40.000000
155.000000 116.000000 67.000000
162.000000 105.000000 72.000000
163.000000 110.000000 51.000000
166.000000 109.000000 34.000000
160.000000 100.000000 64.000000
154.000000 100.000000 68.000000
148.000000 106.000000 67.000000
150.000000 105.000000 60.000000
163.000000 89.000000 64.000000
163.000000 94.000000 46.000000
138.000000 116.000000 85.000000
139.000000 112.000000 64.000000
163.000000 88.000000 46.000000
151.000000 94.000000 70.000000
156.000000 90.000000 58.000000
160.000000 86.000000 54.000000
137.000000 111.000000 49.000000
136.000000 106.000000 55.000000
157.000000 76.000000 46.000000
157.000000 67.000000 44.000000
157.000000 64.000000 40.000000
154.000000 55.000000 43.000000
148.000000 55.000000 55.000000
295.000000 10.000000 181.000000
154.000000 43.000000 28.000000
154.000000 40.000000 31.000000
151.000000 40.000000 37.000000
