153 99 59
153 159 119
156 66 41
153 54 35
153 72 53
156 72 50
141 105 53
99 126 116
147 57 38
156 81 50
144 138 92
147 54 32
150 72 44
153 102 83
153 177 122
147 87 56
171 120 89
147 165 128
159 165 125
153 168 122
150 45 29
159 108 71
156 75 44
156 111 77
111 123 104
150 168 125
144 114 74
150 150 92
147 153 104
153 66 47
147 54 53
156 87 56
150 39 35
138 111 59
153 42 26
147 78 47
129 129 98
150 159 137
45 78 131
156 165 128
150 93 68
153 183 119
222 90 113
147 93 59
144 108 71
165 111 32
156 177 122
156 63 44
165 114 32
147 132 86
153 150 122
147 24 17
81 93 110
141 93 65
30 57 158
150 147 98
180 114 95
138 102 59
153 84 62
150 42 29
189 120 107
150 144 104
147 153 98
156 156 116
63 87 122
261 66 146
150 84 50
150 51 44
153 129 92
141 138 95
150 162 125
150 21 17
153 63 44
135 84 59
156 159 119
114 120 104
147 117 71
162 90 62
294 9 179
147 45 26
165 117 80
135 105 53
138 123 50
213 126 128
273 36 164
153 153 116
162 111 35
147 48 35
153 156 104
165 102 50
162 138 86
153 75 47
153 117 65
162 159 134
144 66 44
162 87 44
150 159 119
150 168 131
162 108 32
156 150 98
165 111 38
123 123 98
156 147 95
156 135 80
162 132 92
147 63 38
150 174 122
192 99 98
153 174 119
159 87 56
210 111 116
159 87 59
153 171 122
201 123 119
156 150 92
147 144 95
252 48 110
150 75 56
150 156 110
153 162 131
153 51 32
153 183 116
159 99 56
150 30 23
159 159 137
153 54 41
147 171 125
147 99 74
141 75 50
162 96 53
132 93 59
57 81 122
162 138 95
225 126 140
144 159 134
135 135 95
195 123 110
246 126 152
150 36 23
150 138 86
162 90 38
171 132 98
63 63 113
147 135 80
147 84 65
39 69 134
153 159 125
138 111 50
150 177 119
159 99 47
270 39 152
153 57 38
141 150 134
192 123 104
147 63 47
144 159 131
258 54 125
138 87 59
141 135 89
135 99 65
153 183 113
147 72 44
165 111 65
153 105 62
156 156 122
159 159 131
150 150 110
159 147 146
147 171 122
147 36 26
165 150 134
153 171 119
120 126 104
156 156 104
147 27 20
147 153 113
147 72 53
153 39 29
156 138 86
159 99 59
150 120 83
138 117 50
144 147 146
156 63 38
153 48 35
153 180 113
135 99 44
150 177 122
183 126 101
237 84 125
153 99 68
147 33 20
150 27 20
153 57 41
156 150 110
165 108 35
237 105 137
147 39 23
165 114 38
87 126 125
159 132 83
150 171 128
153 69 41
156 117 71
162 123 77
162 96 38
159 141 89
150 165 122
150 156 119
156 93 62
63 126 146
255 75 137
150 33 20
108 123 110
162 102 38
27 39 155
147 111 77
165 108 32
210 123 122
144 126 77
228 66 113
156 162 122
159 159 128
162 93 44
147 105 65
159 114 83
156 165 119
150 180 113
138 111 62
156 174 125
240 126 149
153 93 53
174 126 98
147 156 122
138 117 80
147 33 26
159 99 74
156 105 68
147 69 47
111 99 98
165 99 47
156 168 131
147 18 11
159 99 62
150 39 26
153 177 116
147 39 29
150 105 56
162 108 50
156 150 107
150 114 65
147 27 17
159 138 92
