272.000000 34.000000 146.000000
228.000000 64.000000 109.000000
237.000000 83.000000 124.000000
223.000000 91.000000 115.000000
211.000000 112.000000 118.000000
151.000000 40.000000 37.000000
154.000000 55.000000 43.000000
154.000000 43.000000 28.000000
148.000000 16.000000 13.000000
163.000000 89.000000 64.000000
157.000000 76.000000 46.000000
160.000000 86.000000 54.000000
155.000000 80.000000 51.000000
180.000000 118.000000 98.000000
164.000000 100.000000 50.000000
160.000000 100.000000 64.000000
170.000000 116.000000 87.000000
146.000000 84.000000 56.000000
152.000000 100.000000 85.000000
148.000000 100.000000 74.000000
157.000000 111.000000 80.000000
140.000000 91.000000 66.000000
136.000000 85.000000 61.000000
158.000000 116.000000 73.000000
155.000000 116.000000 67.000000
162.000000 126.000000 77.000000
138.000000 100.000000 68.000000
152.000000 119.000000 87.000000
140.000000 102.000000 61.000000
143.000000 125.000000 79.000000
152.000000 143.000000 104.000000
165.000000 150.000000 138.000000
123.000000 121.000000 98.000000
156.000000 147.000000 148.000000
154.000000 154.000000 118.000000
157.000000 160.000000 121.000000
147.000000 147.000000 148.000000
102.000000 125.000000 116.000000
87.000000 124.000000 126.000000
64.000000 127.000000 144.000000
