180.000000 146.000000 27.000000
216.000000 150.000000 26.000000
64.000000 129.000000 28.000000
70.000000 152.000000 34.000000
54.000000 158.000000 28.000000
183.000000 226.000000 28.000000
82.000000 112.000000 40.000000
214.000000 201.000000 26.000000
184.000000 74.000000 27.000000
234.000000 146.000000 24.000000
122.000000 73.000000 37.000000
173.000000 240.000000 28.000000
156.000000 245.000000 28.000000
54.000000 104.000000 27.000000
222.000000 101.000000 26.000000
134.000000 247.000000 28.000000
122.000000 56.000000 28.000000
44.000000 176.000000 28.000000
44.000000 121.000000 29.000000
114.000000 225.000000 44.000000
156.000000 51.000000 28.000000
219.000000 80.000000 25.000000
187.000000 108.000000 54.000000
79.000000 126.000000 55.000000
249.000000 130.000000 23.000000
113.000000 263.000000 23.000000
250.000000 181.000000 22.000000
196.000000 146.000000 64.000000
26.000000 129.000000 29.000000
262.000000 159.000000 21.000000
168.000000 274.000000 20.000000
102.000000 39.000000 29.000000
183.000000 264.000000 26.000000
182.000000 39.000000 28.000000
131.000000 34.000000 32.000000
87.000000 274.000000 16.000000
212.000000 52.000000 27.000000
132.000000 291.000000 9.000000
249.000000 217.000000 23.000000
28.000000 220.000000 26.000000
154.000000 227.000000 67.000000
56.000000 261.000000 21.000000
220.000000 258.000000 26.000000
51.000000 50.000000 30.000000
206.000000 278.000000 22.000000
111.000000 18.000000 32.000000
84.000000 147.000000 88.000000
86.000000 162.000000 90.000000
88.000000 123.000000 89.000000
183.000000 126.000000 94.000000
91.000000 154.000000 100.000000
169.000000 133.000000 103.000000
160.000000 141.000000 106.000000
175.000000 107.000000 102.000000
166.000000 171.000000 110.000000
135.000000 222.000000 102.000000
108.000000 112.000000 109.000000
136.000000 141.000000 116.000000
156.000000 120.000000 114.000000
116.000000 108.000000 116.000000
123.000000 156.000000 130.000000
155.000000 197.000000 129.000000
128.000000 197.000000 130.000000
