156.000000 170.000000 122.000000
155.000000 197.000000 129.000000
134.000000 117.000000 118.000000
116.000000 108.000000 116.000000
108.000000 112.000000 109.000000
169.000000 133.000000 103.000000
169.000000 115.000000 106.000000
91.000000 154.000000 100.000000
175.000000 107.000000 102.000000
106.000000 88.000000 106.000000
183.000000 126.000000 94.000000
86.000000 162.000000 90.000000
88.000000 123.000000 89.000000
154.000000 227.000000 67.000000
187.000000 108.000000 54.000000
114.000000 225.000000 44.000000
211.000000 162.000000 34.000000
158.000000 75.000000 26.000000
226.000000 126.000000 28.000000
250.000000 156.000000 25.000000
202.000000 253.000000 25.000000
28.000000 220.000000 26.000000
17.000000 207.000000 28.000000
245.000000 237.000000 26.000000
263.000000 190.000000 21.000000
