38.000000 16.000000 46.000000
44.000000 27.000000 46.000000
28.000000 50.000000 48.000000
27.000000 51.000000 23.000000
16.000000 60.000000 46.000000
36.000000 57.000000 42.000000
30.000000 68.000000 51.000000
46.000000 64.000000 22.000000
58.000000 64.000000 46.000000
75.000000 51.000000 46.000000
50.000000 78.000000 45.000000
16.000000 105.000000 45.000000
82.000000 54.000000 26.000000
78.000000 65.000000 38.000000
29.000000 107.000000 45.000000
96.000000 60.000000 46.000000
54.000000 105.000000 46.000000
69.000000 98.000000 46.000000
63.000000 126.000000 46.000000
94.000000 102.000000 48.000000
69.000000 128.000000 46.000000
12.000000 162.000000 46.000000
98.000000 111.000000 46.000000
90.000000 120.000000 46.000000
100.000000 129.000000 46.000000
57.000000 165.000000 46.000000
97.000000 153.000000 47.000000
74.000000 182.000000 48.000000
28.000000 211.000000 22.000000
31.000000 211.000000 25.000000
23.000000 214.000000 32.000000
25.000000 214.000000 19.000000
32.000000 224.000000 37.000000
62.000000 223.000000 45.000000
48.000000 237.000000 46.000000
82.000000 224.000000 38.000000
62.000000 242.000000 46.000000
33.000000 275.000000 53.000000
48.000000 287.000000 61.000000
