50.000000 144.000000 49.000000
40.000000 216.000000 48.000000
78.500000 220.500000 32.500000
60.000000 144.000000 42.000000
88.500000 58.500000 13.500000
78.500000 55.500000 24.500000
94.500000 220.500000 36.500000
20.500000 61.500000 35.500000
79.500000 226.500000 36.500000
55.000000 123.000000 42.000000
9.500000 111.500000 46.500000
33.500000 74.500000 10.500000
93.500000 238.500000 15.500000
45.500000 14.500000 46.500000
18.500000 218.500000 31.500000
32.500000 224.500000 37.500000
18.500000 64.500000 30.500000
13.500000 148.500000 49.500000
29.500000 217.500000 11.500000
60.000000 116.000000 51.000000
20.000000 75.000000 45.000000
19.500000 220.500000 36.500000
79.500000 127.500000 52.500000
28.500000 54.500000 28.500000
79.500000 75.500000 25.500000
48.000000 43.000000 50.000000
49.500000 10.500000 47.500000
78.500000 54.500000 19.500000
91.500000 81.500000 18.500000
38.000000 16.000000 46.000000
32.000000 267.000000 50.000000
20.500000 222.500000 25.500000
63.000000 126.000000 46.000000
82.000000 54.000000 26.000000
67.000000 116.000000 42.000000
89.500000 241.500000 21.500000
88.000000 227.000000 40.000000
19.500000 213.500000 28.500000
75.000000 159.000000 46.000000
28.000000 50.000000 48.000000
33.500000 62.500000 13.500000
96.000000 60.000000 46.000000
97.000000 153.000000 47.000000
78.500000 76.500000 15.500000
31.500000 76.500000 13.500000
20.000000 186.000000 48.000000
33.500000 214.500000 16.500000
18.500000 61.500000 28.500000
9.500000 99.500000 46.500000
49.500000 268.500000 49.500000
82.500000 81.500000 21.500000
29.500000 227.500000 28.500000
92.000000 52.000000 22.000000
93.500000 223.500000 30.500000
57.500000 226.500000 28.500000
93.500000 234.500000 28.500000
25.500000 58.500000 35.500000
92.500000 218.500000 10.500000
32.500000 238.500000 29.500000
31.500000 79.500000 34.500000
91.500000 222.500000 9.500000
94.500000 226.500000 28.500000
22.500000 181.500000 43.500000
25.500000 213.500000 15.500000
26.500000 232.500000 36.500000
33.500000 226.500000 32.500000
33.500000 236.500000 22.500000
28.000000 224.000000 9.000000
66.000000 230.000000 22.000000
64.500000 10.500000 46.500000
65.000000 265.000000 51.000000
29.500000 65.500000 22.500000
86.000000 55.000000 32.000000
79.500000 106.500000 51.500000
81.500000 62.500000 25.500000
11.500000 171.500000 46.500000
18.500000 237.500000 22.500000
81.500000 71.500000 25.500000
93.500000 221.500000 25.500000
22.000000 163.000000 47.000000
76.000000 32.000000 46.000000
82.500000 226.500000 31.500000
56.500000 68.500000 22.500000
18.500000 77.500000 22.500000
57.500000 67.500000 27.500000
94.500000 226.500000 33.500000
24.000000 207.000000 45.000000
32.500000 68.500000 16.500000
95.500000 58.500000 32.500000
10.500000 148.500000 46.500000
19.500000 214.500000 15.500000
81.500000 64.500000 20.500000
20.500000 230.500000 25.500000
79.500000 60.500000 10.500000
48.000000 132.000000 42.000000
36.500000 67.500000 23.500000
92.500000 228.500000 28.500000
82.500000 267.500000 50.500000
22.500000 80.500000 17.500000
25.500000 28.500000 46.500000
32.500000 62.500000 28.500000
81.500000 66.500000 25.500000
89.500000 218.500000 34.500000
80.000000 107.000000 42.000000
36.000000 57.000000 42.000000
65.000000 285.000000 60.000000
18.500000 60.500000 22.500000
18.500000 235.500000 15.500000
21.500000 222.500000 19.500000
26.000000 240.000000 26.000000
54.000000 277.000000 55.000000
13.500000 148.500000 46.500000
84.500000 213.500000 28.500000
99.000000 216.000000 46.000000
22.000000 89.000000 46.000000
78.500000 217.500000 30.500000
84.500000 232.500000 36.500000
85.500000 236.500000 12.500000
74.500000 18.500000 46.500000
103.500000 100.500000 49.500000
82.500000 280.500000 55.500000
33.500000 73.500000 27.500000
19.500000 70.500000 30.500000
75.500000 67.500000 22.500000
98.000000 111.000000 46.000000
78.500000 236.500000 19.500000
79.500000 154.500000 43.500000
18.500000 64.500000 33.500000
95.500000 181.500000 46.500000
88.500000 82.500000 25.500000
45.500000 68.500000 25.500000
95.500000 239.500000 22.500000
33.500000 233.500000 28.500000
93.500000 54.500000 25.500000
27.000000 51.000000 23.000000
56.500000 10.500000 45.500000
89.000000 227.000000 19.000000
56.500000 222.500000 22.500000
85.500000 240.500000 29.500000
54.000000 124.000000 51.000000
86.500000 32.500000 46.500000
58.500000 73.500000 25.500000
95.500000 66.500000 10.500000
32.500000 233.500000 10.500000
33.500000 220.500000 9.500000
26.000000 66.000000 9.000000
18.500000 70.500000 14.500000
79.500000 220.500000 13.500000
25.500000 74.500000 9.500000
30.500000 239.500000 16.500000
92.500000 226.500000 9.500000
81.000000 132.000000 42.000000
90.000000 120.000000 46.000000
51.500000 115.500000 42.500000
18.500000 220.500000 17.500000
32.500000 235.500000 34.500000
84.500000 51.500000 22.500000
89.500000 72.500000 37.500000
80.500000 233.500000 25.500000
18.500000 75.500000 13.500000
25.500000 214.500000 19.500000
30.000000 68.000000 51.000000
82.500000 218.500000 36.500000
33.500000 69.500000 10.500000
66.500000 64.500000 21.500000
94.500000 65.500000 36.500000
29.500000 224.500000 19.500000
103.500000 100.500000 46.500000
19.500000 74.500000 35.500000
31.500000 214.500000 16.500000
95.500000 232.500000 36.500000
79.500000 231.500000 36.500000
32.500000 81.500000 22.500000
22.500000 67.500000 40.500000
85.500000 220.500000 9.500000
95.500000 217.500000 33.500000
94.500000 78.500000 21.500000
96.500000 232.500000 12.500000
79.500000 64.500000 14.500000
19.000000 46.000000 46.000000
32.500000 222.500000 28.500000
79.500000 241.500000 19.500000
43.500000 10.500000 45.500000
85.500000 61.500000 9.500000
33.500000 232.500000 16.500000
92.500000 213.500000 28.500000
88.500000 67.500000 26.500000
79.500000 236.500000 12.500000
63.500000 260.500000 43.500000
33.500000 214.500000 23.500000
91.500000 63.500000 25.500000
56.500000 230.500000 22.500000
82.500000 62.500000 36.500000
79.500000 224.500000 9.500000
27.000000 68.000000 40.000000
32.500000 73.500000 35.500000
44.000000 27.000000 46.000000
78.500000 235.500000 34.500000
91.500000 79.500000 14.500000
18.500000 52.500000 24.500000
18.500000 226.500000 10.500000
76.500000 214.500000 43.500000
18.500000 226.500000 15.500000
30.500000 229.500000 22.500000
83.500000 239.500000 16.500000
12.000000 74.000000 46.000000
18.500000 232.500000 17.500000
62.000000 223.000000 45.000000
21.500000 60.500000 22.500000
79.500000 80.500000 29.500000
90.500000 81.500000 22.500000
97.500000 238.500000 25.500000
22.000000 216.000000 46.000000
78.500000 79.500000 21.500000
82.500000 80.500000 15.500000
100.500000 172.500000 49.500000
18.500000 226.500000 35.500000
34.000000 155.000000 46.000000
66.500000 67.500000 27.500000
32.500000 56.500000 34.500000
81.500000 226.500000 26.500000
48.500000 70.500000 21.500000
100.000000 138.000000 47.000000
21.500000 229.500000 21.500000
85.500000 54.500000 17.500000
78.500000 55.500000 15.500000
96.500000 234.500000 31.500000
69.000000 98.000000 46.000000
88.000000 243.000000 46.000000
76.000000 83.000000 49.000000
57.000000 258.000000 48.000000
93.500000 67.500000 30.500000
33.500000 217.500000 18.500000
42.000000 270.000000 51.000000
78.500000 72.500000 13.500000
93.500000 224.500000 16.500000
33.500000 60.500000 31.500000
97.000000 76.000000 47.000000
89.500000 74.500000 10.500000
13.000000 190.000000 46.000000
19.500000 70.500000 9.500000
26.500000 54.500000 31.500000
91.500000 62.500000 9.500000
33.500000 226.500000 10.500000
34.000000 257.000000 46.000000
87.500000 252.500000 46.500000
92.500000 62.500000 19.500000
62.000000 45.000000 51.000000
70.000000 11.000000 46.000000
101.000000 147.000000 46.000000
78.500000 229.500000 30.500000
94.500000 220.500000 31.500000
18.500000 55.500000 20.500000
33.500000 78.500000 13.500000
93.500000 218.500000 22.500000
55.500000 64.500000 21.500000
22.000000 250.000000 47.000000
79.500000 239.500000 28.500000
28.500000 35.500000 46.500000
78.500000 233.500000 16.500000
34.500000 223.500000 13.500000
19.500000 240.500000 18.500000
18.000000 228.000000 46.000000
78.500000 54.500000 28.500000
35.000000 82.000000 46.000000
93.500000 230.500000 16.500000
62.000000 242.000000 46.000000
64.000000 43.000000 42.000000
79.500000 225.500000 15.500000
22.000000 226.000000 9.000000
14.000000 120.000000 45.000000
81.500000 70.500000 20.500000
94.500000 225.500000 37.500000
32.500000 68.500000 31.500000
64.500000 136.500000 52.500000
21.500000 66.500000 28.500000
90.500000 225.500000 25.500000
91.500000 240.500000 29.500000
26.000000 230.000000 9.000000
18.500000 66.500000 10.500000
33.500000 72.500000 16.500000
91.500000 233.500000 35.500000
79.500000 81.500000 24.500000
19.500000 62.500000 18.500000
90.500000 55.500000 33.500000
78.500000 59.500000 16.500000
79.500000 58.500000 34.500000
35.500000 229.500000 23.500000
19.500000 227.500000 30.500000
79.500000 70.500000 35.500000
18.500000 76.500000 18.500000
31.500000 238.500000 34.500000
30.500000 232.500000 9.500000
19.500000 58.500000 25.500000
18.500000 57.500000 28.500000
22.500000 52.500000 22.500000
19.500000 232.500000 10.500000
73.500000 136.500000 52.500000
93.500000 68.500000 16.500000
82.500000 224.500000 38.500000
95.500000 54.500000 28.500000
14.000000 154.000000 46.000000
21.500000 71.500000 19.500000
96.500000 214.500000 28.500000
92.500000 232.500000 24.500000
96.500000 224.500000 10.500000
96.500000 228.500000 34.500000
88.500000 232.500000 25.500000
59.000000 21.000000 46.000000
82.500000 220.500000 10.500000
33.500000 67.500000 36.500000
95.500000 70.500000 35.500000
33.000000 134.000000 47.000000
70.500000 115.500000 52.500000
88.500000 82.500000 19.500000
24.500000 240.500000 16.500000
85.500000 238.500000 34.500000
36.000000 123.000000 42.000000
29.500000 70.500000 25.500000
31.500000 214.500000 19.500000
75.000000 51.000000 46.000000
89.500000 67.500000 9.500000
31.500000 62.500000 36.500000
28.000000 56.000000 14.000000
28.500000 221.500000 24.500000
32.500000 54.500000 16.500000
74.000000 182.000000 48.000000
25.500000 226.500000 39.500000
95.500000 56.500000 19.500000
23.500000 217.500000 11.500000
66.000000 69.000000 23.000000
16.000000 105.000000 45.000000
48.000000 260.000000 48.000000
23.000000 214.000000 32.000000
98.500000 195.500000 46.500000
83.000000 76.000000 38.000000
33.500000 76.500000 33.500000
13.500000 211.500000 46.500000
85.500000 214.500000 34.500000
88.500000 211.500000 25.500000
13.000000 129.000000 46.000000
91.500000 193.500000 43.500000
31.500000 79.500000 13.500000
48.000000 287.000000 61.000000
92.500000 54.500000 16.500000
92.500000 80.500000 28.500000
85.500000 232.500000 9.500000
89.500000 222.500000 25.500000
79.500000 64.500000 31.500000
33.500000 54.500000 25.500000
19.500000 221.500000 10.500000
12.000000 162.000000 46.000000
23.000000 145.000000 48.000000
80.000000 220.000000 18.000000
71.500000 278.500000 55.500000
18.500000 81.500000 25.500000
61.500000 9.500000 46.500000
31.500000 72.500000 9.500000
66.500000 15.500000 46.500000
23.500000 236.500000 13.500000
94.500000 76.500000 32.500000
86.000000 56.000000 39.000000
90.500000 214.500000 14.500000
33.500000 76.500000 23.500000
28.500000 226.500000 24.500000
31.500000 63.500000 9.500000
33.000000 275.000000 53.000000
91.500000 262.500000 46.500000
94.000000 58.000000 26.000000
90.500000 46.500000 46.500000
16.000000 60.000000 46.000000
15.500000 219.500000 46.500000
89.500000 67.500000 19.500000
39.000000 98.000000 47.000000
50.000000 78.000000 45.000000
88.500000 79.500000 34.500000
79.500000 213.500000 29.500000
80.500000 214.500000 17.500000
11.500000 89.500000 46.500000
84.500000 81.500000 25.500000
91.500000 210.500000 24.500000
33.500000 221.500000 16.500000
95.500000 73.500000 14.500000
15.500000 207.500000 46.500000
49.500000 28.500000 43.500000
57.000000 165.000000 46.000000
78.500000 261.500000 46.500000
46.000000 64.000000 22.000000
97.500000 238.500000 31.500000
33.500000 214.500000 27.500000
18.500000 78.500000 13.500000
51.000000 45.000000 42.000000
89.000000 143.000000 44.000000
21.500000 64.500000 23.500000
25.500000 229.500000 49.500000
81.500000 240.500000 19.500000
32.500000 239.500000 19.500000
91.500000 223.500000 22.500000
23.000000 241.000000 23.000000
103.500000 120.500000 45.500000
81.500000 223.500000 22.500000
99.000000 162.000000 48.000000
64.500000 283.500000 55.500000
19.500000 54.500000 27.500000
33.500000 56.500000 19.500000
36.000000 181.000000 46.000000
90.500000 61.500000 36.500000
79.500000 148.500000 52.500000
82.500000 68.500000 9.500000
14.000000 138.000000 47.000000
92.500000 237.500000 31.500000
32.500000 237.500000 13.500000
25.500000 219.500000 36.500000
32.500000 230.500000 37.500000
34.500000 217.500000 13.500000
79.500000 213.500000 23.500000
96.500000 238.500000 27.500000
94.500000 232.500000 31.500000
33.500000 217.500000 21.500000
19.500000 223.500000 31.500000
57.500000 67.500000 30.500000
21.000000 237.000000 46.000000
28.500000 231.500000 24.500000
40.000000 118.000000 51.000000
81.500000 230.500000 19.500000
54.500000 229.500000 22.500000
32.500000 58.500000 25.500000
79.500000 69.500000 24.500000
29.500000 81.500000 16.500000
78.500000 226.500000 33.500000
91.500000 214.500000 34.500000
85.500000 82.500000 19.500000
81.500000 54.500000 16.500000
33.500000 75.500000 16.500000
70.000000 138.000000 42.000000
23.500000 55.500000 15.500000
33.500000 219.500000 25.500000
54.000000 256.000000 42.000000
82.000000 64.000000 51.000000
20.500000 62.500000 10.500000
95.500000 81.500000 25.500000
92.000000 207.000000 46.000000
19.500000 73.500000 19.500000
33.500000 227.500000 13.500000
85.500000 136.500000 52.500000
32.500000 214.500000 30.500000
22.500000 210.500000 22.500000
82.500000 76.500000 11.500000
70.500000 148.500000 52.500000
79.500000 76.500000 33.500000
69.000000 128.000000 46.000000
88.500000 214.500000 31.500000
78.500000 68.500000 10.500000
25.500000 74.500000 35.500000
83.500000 210.500000 22.500000
25.500000 246.500000 45.500000
19.500000 225.500000 39.500000
94.000000 60.000000 16.000000
70.000000 252.000000 47.000000
55.500000 63.500000 24.500000
79.500000 79.500000 28.000000
96.000000 90.000000 46.000000
67.500000 226.500000 25.500000
29.000000 107.000000 45.000000
19.500000 230.500000 34.500000
33.500000 77.500000 28.500000
28.500000 64.500000 25.500000
82.500000 215.500000 14.500000
76.500000 226.500000 22.500000
78.000000 65.000000 38.000000
19.500000 67.500000 37.500000
57.000000 267.000000 48.000000
25.500000 81.500000 23.500000
32.500000 62.500000 19.500000
78.500000 216.500000 22.500000
18.500000 58.500000 14.500000
32.500000 218.500000 34.500000
96.500000 218.500000 13.500000
79.500000 81.500000 18.500000
82.500000 220.500000 25.500000
94.500000 232.500000 22.500000
91.500000 212.500000 19.500000
80.000000 58.000000 21.000000
94.000000 102.000000 48.000000
28.500000 211.500000 22.500000
21.500000 229.500000 18.500000
54.000000 105.000000 46.000000
79.500000 240.500000 23.500000
96.000000 214.000000 20.000000
85.500000 81.500000 30.500000
79.500000 238.500000 16.500000
56.000000 198.000000 46.000000
21.500000 67.500000 18.500000
92.500000 73.500000 24.500000
40.500000 280.500000 57.500000
19.000000 55.000000 32.000000
97.500000 79.500000 28.500000
20.000000 116.000000 51.000000
31.500000 231.500000 27.500000
95.500000 77.500000 16.500000
33.500000 79.500000 19.500000
103.500000 121.500000 49.500000
34.000000 70.000000 21.000000
78.500000 217.500000 15.500000
84.500000 240.500000 22.500000
15.000000 81.000000 46.000000
79.500000 73.500000 9.500000
28.500000 79.500000 16.500000
21.500000 70.500000 26.500000
85.500000 157.500000 52.500000
55.500000 67.500000 25.500000
28.500000 214.500000 34.500000
58.000000 64.000000 46.000000
94.500000 237.500000 46.500000
24.500000 76.500000 12.500000
79.500000 94.500000 43.500000
95.500000 228.500000 46.500000
92.500000 216.500000 46.500000
34.500000 220.500000 13.500000
22.500000 76.500000 10.500000
57.500000 10.500000 48.500000
91.500000 233.500000 10.500000
29.500000 69.500000 19.500000
85.500000 226.500000 9.500000
33.500000 57.500000 13.500000
33.500000 55.500000 30.500000
18.500000 237.500000 28.500000
86.500000 67.500000 40.500000
78.500000 232.500000 32.500000
32.500000 81.500000 28.500000
76.500000 220.500000 49.500000
28.500000 214.500000 28.500000
28.500000 241.500000 19.500000
19.500000 79.500000 31.500000
78.500000 231.500000 10.500000
46.500000 227.500000 24.500000
58.500000 229.500000 22.500000
88.500000 38.500000 46.500000
91.500000 166.500000 52.500000
100.000000 129.000000 46.000000
82.500000 232.500000 10.500000
22.500000 64.500000 28.500000
79.500000 70.500000 30.500000
18.500000 214.500000 23.500000
24.500000 239.500000 31.500000
28.500000 247.500000 49.500000
32.500000 240.500000 25.500000
28.500000 66.500000 27.500000
25.500000 81.500000 29.500000
63.000000 78.000000 48.000000
78.500000 59.500000 28.500000
92.000000 162.000000 42.000000
87.500000 227.500000 25.500000
93.500000 221.500000 19.500000
64.500000 274.500000 52.500000
80.000000 273.000000 52.000000
81.500000 56.500000 31.500000
58.000000 291.000000 63.000000
93.500000 234.500000 19.500000
31.500000 211.500000 25.500000
22.500000 82.500000 25.500000
94.500000 58.500000 12.500000
78.500000 75.500000 19.500000
33.500000 227.500000 19.500000
94.500000 232.500000 28.500000
100.500000 171.500000 45.500000
78.500000 24.500000 46.500000
34.500000 24.500000 46.500000
102.000000 159.000000 45.000000
94.500000 71.500000 9.500000
94.500000 130.500000 52.500000
18.500000 64.500000 15.500000
73.500000 121.500000 52.500000
19.500000 235.500000 34.500000
48.000000 237.000000 46.000000
64.500000 103.500000 52.500000
