58.000000 291.000000 63.000000
82.000000 280.000000 55.000000
80.000000 273.000000 52.000000
54.000000 277.000000 55.000000
65.000000 265.000000 51.000000
57.000000 267.000000 48.000000
48.000000 260.000000 48.000000
32.000000 267.000000 50.000000
70.000000 252.000000 47.000000
34.000000 257.000000 46.000000
62.000000 242.000000 46.000000
88.000000 227.000000 40.000000
66.000000 230.000000 22.000000
26.000000 240.000000 26.000000
62.000000 223.000000 45.000000
76.000000 220.000000 49.000000
46.000000 227.000000 24.000000
32.000000 230.000000 37.000000
25.000000 229.000000 49.000000
32.000000 224.000000 37.000000
56.000000 198.000000 46.000000
24.000000 207.000000 45.000000
74.000000 182.000000 48.000000
92.000000 162.000000 42.000000
57.000000 165.000000 46.000000
75.000000 159.000000 46.000000
22.000000 163.000000 47.000000
12.000000 162.000000 46.000000
70.000000 138.000000 42.000000
23.000000 145.000000 48.000000
48.000000 132.000000 42.000000
69.000000 128.000000 46.000000
33.000000 134.000000 47.000000
90.000000 120.000000 46.000000
40.000000 118.000000 51.000000
54.000000 105.000000 46.000000
69.000000 98.000000 46.000000
76.000000 83.000000 49.000000
22.000000 89.000000 46.000000
63.000000 78.000000 48.000000
58.000000 64.000000 46.000000
27.000000 68.000000 40.000000
62.000000 45.000000 51.000000
44.000000 27.000000 46.000000
