38.000000 16.000000 46.000000
28.000000 35.000000 46.000000
48.000000 43.000000 50.000000
51.000000 45.000000 42.000000
27.000000 51.000000 23.000000
22.000000 52.000000 22.000000
19.000000 55.000000 32.000000
36.000000 57.000000 42.000000
22.000000 64.000000 28.000000
46.000000 64.000000 22.000000
82.000000 54.000000 26.000000
58.000000 64.000000 46.000000
86.000000 56.000000 39.000000
20.000000 75.000000 45.000000
78.000000 65.000000 38.000000
31.000000 79.000000 13.000000
50.000000 78.000000 45.000000
35.000000 82.000000 46.000000
89.000000 67.000000 19.000000
39.000000 98.000000 47.000000
16.000000 105.000000 45.000000
29.000000 107.000000 45.000000
96.000000 90.000000 46.000000
94.000000 102.000000 48.000000
40.000000 118.000000 51.000000
67.000000 116.000000 42.000000
33.000000 134.000000 47.000000
50.000000 144.000000 49.000000
34.000000 155.000000 46.000000
22.000000 163.000000 47.000000
75.000000 159.000000 46.000000
36.000000 181.000000 46.000000
40.000000 216.000000 48.000000
85.000000 214.000000 34.000000
88.000000 214.000000 31.000000
91.000000 214.000000 34.000000
