85.000000 157.000000 52.000000
94.000000 130.000000 52.000000
63.000000 163.000000 42.000000
79.000000 154.000000 43.000000
99.000000 162.000000 48.000000
100.000000 172.000000 49.000000
14.000000 138.000000 47.000000
103.000000 100.000000 46.000000
97.000000 76.000000 47.000000
27.000000 68.000000 40.000000
72.000000 253.000000 49.000000
22.000000 67.000000 40.000000
78.000000 65.000000 38.000000
36.000000 47.000000 52.000000
19.000000 79.000000 31.000000
85.000000 238.000000 34.000000
22.000000 82.000000 25.000000
33.000000 262.000000 49.000000
58.000000 291.000000 63.000000
