51 144 50
36 213 50
78 219 32
63 144 41
87 57 11
78 57 23
93 219 35
21 60 35
78 225 35
57 126 41
9 111 44
33 75 11
93 237 14
45 15 47
18 219 32
33 225 35
18 63 29
12 147 47
30 216 11
57 117 50
21 75 41
18 219 35
78 126 50
27 54 26
78 75 23
45 45 50
48 9 47
78 54 20
93 81 17
39 18 44
33 267 47
21 222 26
63 129 41
84 54 26
69 114 41
90 240 20
90 228 38
18 213 26
75 159 41
27 48 44
33 63 14
96 63 44
96 153 44
78 78 14
30 75 11
21 192 47
33 213 14
18 60 26
9 99 44
48 267 47
81 81 20
30 228 26
93 51 23
93 225 29
57 225 26
93 234 26
24 57 35
93 219 8
33 237 29
30 78 32
93 222 8
93 225 26
21 180 41
27 213 14
27 231 35
33 225 32
33 237 20
30 225 8
66 231 23
63 9 44
63 267 53
30 66 23
87 57 32
78 105 50
81 63 26
12 171 44
18 237 20
81 72 26
93 222 26
24 165 50
78 33 47
81 225 29
57 69 20
18 78 20
57 69 26
93 225 32
24 207 47
33 69 14
96 57 32
9 147 44
18 213 14
81 63 20
21 231 26
78 60 8
51 135 41
36 66 23
93 228 26
81 267 50
21 81 17
24 27 44
33 63 26
81 66 26
90 219 35
84 105 41
33 60 41
66 288 59
18 60 20
18 237 14
21 222 20
27 240 23
57 276 56
12 147 44
84 213 26
99 219 44
21 84 47
78 219 29
84 231 35
87 237 11
75 18 44
102 99 47
81 279 53
33 72 26
18 69 29
75 66 20
96 111 47
78 237 20
78 153 41
18 63 32
96 180 44
87 81 23
45 69 26
96 240 20
33 234 29
93 54 26
27 51 20
57 9 44
90 228 20
57 222 20
84 240 29
57 126 50
87 33 44
57 72 23
96 66 8
33 234 11
33 219 8
24 66 8
18 69 14
78 219 11
27 75 8
30 240 14
93 225 8
84 129 41
90 120 41
51 114 41
18 219 17
33 234 32
84 51 23
90 72 35
81 234 23
18 75 14
24 213 17
24 69 50
81 219 35
33 69 8
66 63 20
93 66 35
30 225 17
102 99 44
18 75 35
30 213 14
96 231 35
81 231 35
33 81 20
21 66 38
84 219 8
96 216 32
96 78 20
96 231 11
78 63 14
18 48 44
33 222 26
78 240 17
42 9 44
84 60 8
33 231 14
93 213 26
87 66 26
81 237 11
63 261 44
33 213 23
90 63 23
57 231 23
81 63 35
78 225 8
27 66 38
33 72 35
45 24 47
78 234 32
90 78 14
18 51 23
18 225 8
75 213 41
18 225 14
30 228 20
84 240 14
12 72 44
18 231 17
60 228 41
21 60 20
78 81 29
90 81 20
96 237 23
21 216 47
78 81 20
84 81 14
99 171 47
18 225 35
33 153 50
66 69 26
33 57 32
81 225 26
48 69 20
102 138 47
21 231 20
84 54 17
78 57 14
96 234 32
69 96 41
87 246 44
78 84 50
57 255 47
93 69 29
33 219 17
42 273 50
78 72 14
93 225 14
33 60 32
96 75 44
90 75 8
12 195 44
18 69 8
27 54 32
93 63 8
33 225 8
33 261 44
87 252 44
93 63 20
60 45 50
72 12 44
99 147 44
78 231 29
93 219 29
18 54 20
33 78 14
93 219 23
54 63 20
24 252 47
78 240 26
27 36 44
78 234 14
33 222 11
21 240 17
18 228 47
78 54 26
33 84 41
93 231 14
66 243 47
69 45 41
78 225 14
24 225 8
12 120 44
81 69 20
93 225 35
33 69 29
63 135 50
21 66 26
90 225 26
90 240 29
27 228 8
18 66 8
33 72 14
90 234 35
81 81 23
18 63 17
90 54 32
78 60 17
78 57 32
36 228 23
18 228 29
78 69 35
18 75 17
30 237 32
30 231 8
18 57 23
18 57 26
21 51 20
18 231 8
72 135 50
93 69 14
81 225 38
96 54 29
15 153 47
21 72 20
96 213 26
93 231 23
96 225 11
96 228 32
87 231 23
60 18 44
81 219 8
33 69 35
96 69 35
33 135 50
69 114 50
87 81 17
24 240 14
84 237 32
33 126 41
30 69 23
30 213 17
78 48 41
90 66 8
33 63 35
27 54 14
30 222 23
33 54 17
72 186 41
24 225 38
96 57 20
24 216 11
66 69 20
15 102 47
48 258 47
24 216 32
99 195 47
84 75 35
33 75 32
12 210 44
84 213 32
87 210 23
15 129 47
90 192 41
30 78 11
48 288 62
93 54 14
93 81 29
84 231 8
90 222 23
78 63 29
33 54 26
18 222 8
12 162 47
21 144 50
81 222 17
72 279 56
18 81 26
60 9 44
33 72 8
66 15 44
24 237 11
93 75 32
84 57 35
90 213 14
33 75 23
27 225 23
33 63 8
36 273 53
90 261 44
93 60 26
90 45 44
15 63 44
15 219 44
90 66 17
36 102 50
48 78 41
87 78 32
78 213 29
81 213 17
12 90 44
84 81 26
93 210 23
33 222 14
96 72 14
15 207 44
48 27 41
51 165 41
78 261 44
45 63 23
96 237 29
33 213 26
18 78 14
51 51 41
90 144 41
21 63 23
24 228 47
81 240 20
33 240 20
90 222 20
24 243 23
105 120 44
81 222 20
102 162 47
63 282 53
21 54 26
33 57 20
39 186 50
90 60 35
78 147 50
84 69 8
12 138 47
93 237 32
33 237 11
24 219 35
33 231 35
33 216 11
78 213 23
96 237 26
93 231 29
33 219 20
18 222 29
57 69 29
18 237 44
27 231 23
39 120 50
81 231 20
54 228 20
33 57 23
81 69 23
30 81 17
78 225 32
90 213 32
84 81 17
81 54 14
33 75 14
69 141 41
24 54 14
33 219 26
57 255 41
78 60 50
21 63 8
96 81 23
96 207 44
18 72 17
33 228 14
84 135 50
33 213 29
21 210 20
81 75 11
69 147 50
78 75 32
69 126 41
87 213 29
78 69 8
24 75 35
84 210 23
27 246 44
21 225 38
96 60 14
72 252 47
57 63 23
78 78 26
99 90 44
66 225 23
27 111 41
18 231 32
33 78 29
27 63 23
81 216 14
75 225 20
78 66 35
18 66 35
57 267 44
24 81 23
33 63 17
78 216 20
18 57 14
33 219 32
96 219 14
81 81 17
81 219 23
93 231 20
90 213 17
81 60 20
93 102 50
27 210 20
21 231 17
57 105 41
78 240 23
96 216 20
87 81 29
78 237 14
57 192 41
21 69 17
93 72 23
39 279 56
21 54 32
96 78 26
21 120 50
33 231 26
96 78 17
33 78 17
102 120 47
33 72 20
78 219 14
84 240 20
18 81 44
78 72 8
27 78 14
21 69 26
84 156 50
54 66 23
27 213 32
57 63 41
93 237 44
24 75 11
78 93 41
96 228 47
93 216 44
33 219 11
21 75 8
57 9 47
90 234 8
30 69 20
84 225 8
33 57 14
33 57 29
18 237 26
87 66 38
78 231 32
33 81 26
75 219 47
27 213 26
27 240 17
18 78 29
78 231 8
45 228 23
57 228 20
87 39 44
90 165 50
102 129 44
81 231 8
21 63 26
78 69 29
18 213 23
24 240 29
27 246 47
33 240 26
27 66 26
24 81 29
66 78 50
78 60 29
93 159 41
87 228 23
93 222 17
63 273 50
81 273 53
81 57 32
57 294 62
93 234 20
30 210 23
21 81 23
93 57 11
78 75 20
33 228 17
93 231 26
99 171 44
78 24 44
33 24 44
102 156 44
93 72 8
93 129 50
18 63 14
72 120 50
18 234 32
48 243 47
63 102 50
