22.000000 250.000000 47.000000
33.000000 275.000000 53.000000
18.000000 228.000000 46.000000
28.000000 247.000000 49.000000
13.000000 211.000000 46.000000
25.000000 229.000000 49.000000
31.000000 238.000000 34.000000
32.000000 230.000000 37.000000
24.000000 207.000000 45.000000
48.000000 260.000000 48.000000
13.000000 190.000000 46.000000
54.000000 256.000000 42.000000
57.000000 267.000000 48.000000
20.000000 186.000000 48.000000
57.000000 258.000000 48.000000
22.000000 181.000000 43.000000
62.000000 242.000000 46.000000
12.000000 162.000000 46.000000
62.000000 223.000000 45.000000
66.000000 230.000000 22.000000
10.000000 148.000000 46.000000
79.000000 241.000000 19.000000
14.000000 138.000000 47.000000
76.000000 220.000000 49.000000
34.000000 155.000000 46.000000
76.000000 214.000000 43.000000
13.000000 129.000000 46.000000
50.000000 144.000000 49.000000
92.000000 207.000000 46.000000
20.000000 116.000000 51.000000
16.000000 105.000000 45.000000
75.000000 159.000000 46.000000
29.000000 107.000000 45.000000
63.000000 126.000000 46.000000
92.000000 162.000000 42.000000
22.000000 89.000000 46.000000
69.000000 128.000000 46.000000
39.000000 98.000000 47.000000
99.000000 162.000000 48.000000
12.000000 74.000000 46.000000
89.000000 143.000000 44.000000
100.000000 138.000000 47.000000
27.000000 68.000000 40.000000
30.000000 68.000000 51.000000
69.000000 98.000000 46.000000
90.000000 120.000000 46.000000
100.000000 129.000000 46.000000
50.000000 78.000000 45.000000
63.000000 78.000000 48.000000
58.000000 73.000000 25.000000
66.000000 69.000000 23.000000
96.000000 90.000000 46.000000
88.000000 82.000000 19.000000
83.000000 76.000000 38.000000
89.000000 72.000000 37.000000
75.000000 51.000000 46.000000
76.000000 32.000000 46.000000
