23.000000 42.000000 47.000000
65.500000 41.500000 34.500000
50.500000 35.500000 23.500000
54.500000 37.500000 28.500000
48.500000 43.500000 31.500000
51.500000 22.500000 12.500000
51.500000 14.500000 7.500000
55.500000 46.500000 29.500000
52.500000 29.500000 17.500000
53.500000 23.500000 16.500000
15.000000 20.000000 43.000000
53.500000 53.500000 41.500000
50.500000 8.500000 4.500000
50.500000 55.500000 45.500000
46.500000 31.500000 20.500000
36.500000 38.500000 36.500000
50.000000 39.000000 26.000000
47.500000 41.500000 18.500000
78.000000 40.000000 47.000000
47.500000 36.500000 18.500000
51.500000 19.500000 10.500000
52.500000 51.500000 42.500000
52.500000 58.500000 43.500000
56.500000 38.500000 13.500000
53.500000 31.500000 20.500000
51.500000 11.500000 9.500000
50.500000 26.500000 17.500000
51.500000 16.500000 9.500000
50.500000 22.500000 17.500000
53.500000 53.500000 39.500000
52.500000 19.500000 15.500000
54.500000 54.500000 47.500000
85.000000 19.000000 46.000000
55.500000 33.500000 14.500000
49.500000 49.500000 48.500000
50.500000 50.500000 33.500000
52.500000 61.500000 40.500000
50.500000 29.500000 21.500000
