31.000000 37.000000 31.000000
85.000000 46.000000 7.000000
42.500000 25.500000 21.500000
54.500000 75.500000 11.500000
29.500000 49.500000 29.500000
70.500000 54.500000 12.500000
52.500000 60.500000 41.500000
31.500000 33.500000 18.500000
60.000000 83.000000 10.000000
32.000000 9.000000 10.000000
51.000000 69.000000 41.000000
78.000000 82.000000 8.000000
65.500000 61.500000 18.500000
49.500000 52.500000 41.500000
37.500000 33.500000 36.500000
67.500000 40.500000 13.500000
52.500000 27.500000 32.500000
8.500000 43.500000 11.500000
58.500000 69.500000 34.500000
49.500000 74.500000 24.500000
41.500000 26.500000 34.500000
26.500000 45.500000 21.500000
71.500000 47.500000 9.500000
29.500000 68.500000 15.500000
35.500000 29.500000 26.500000
30.000000 59.000000 30.000000
22.500000 48.500000 12.500000
49.500000 75.500000 30.500000
60.000000 70.000000 20.000000
46.500000 22.500000 11.500000
44.500000 78.500000 12.500000
20.500000 82.500000 8.500000
52.500000 75.500000 38.500000
49.500000 42.500000 42.500000
41.500000 41.500000 41.500000
30.500000 28.500000 9.500000
37.500000 76.500000 15.500000
37.500000 45.500000 36.500000
53.500000 74.500000 16.500000
34.000000 50.000000 9.000000
41.500000 28.500000 39.500000
65.500000 50.500000 22.500000
53.500000 30.500000 41.500000
69.500000 61.500000 12.500000
48.000000 86.000000 9.000000
51.500000 57.500000 9.500000
53.500000 44.500000 36.500000
42.000000 50.000000 41.000000
27.000000 20.000000 9.000000
70.000000 76.000000 9.000000
66.000000 90.000000 8.000000
16.000000 20.000000 10.000000
55.500000 26.500000 10.500000
42.000000 61.000000 41.000000
25.500000 56.500000 15.500000
50.500000 35.500000 41.500000
35.000000 70.000000 30.000000
41.500000 71.500000 39.500000
52.500000 26.500000 19.500000
60.500000 55.500000 35.500000
68.500000 15.500000 9.500000
54.500000 95.500000 5.500000
9.500000 63.500000 9.500000
47.500000 27.500000 38.500000
67.500000 30.500000 10.500000
62.500000 42.500000 27.500000
39.500000 26.500000 12.500000
63.500000 62.500000 29.500000
24.500000 37.500000 11.500000
61.500000 73.500000 11.500000
61.500000 32.500000 18.500000
83.000000 65.000000 8.000000
65.500000 69.500000 13.500000
69.500000 67.500000 12.500000
36.000000 92.000000 6.000000
42.500000 34.500000 41.500000
52.000000 7.000000 10.000000
57.500000 34.500000 32.500000
