33.500000 34.500000 16.500000
13.500000 23.500000 8.500000
28.500000 23.500000 6.500000
9.500000 78.500000 7.500000
29.500000 25.500000 9.500000
7.500000 78.500000 6.500000
12.500000 73.500000 6.500000
29.500000 78.500000 9.500000
7.500000 73.500000 4.500000
32.500000 22.500000 5.500000
27.500000 73.500000 4.500000
32.500000 28.500000 9.500000
19.500000 15.500000 15.500000
10.500000 73.500000 13.500000
22.000000 62.000000 16.000000
9.500000 19.500000 6.500000
32.500000 20.500000 7.500000
6.500000 21.500000 16.500000
6.500000 76.500000 13.500000
8.500000 80.500000 15.500000
27.500000 25.500000 6.500000
8.500000 73.500000 10.500000
7.500000 25.500000 9.500000
28.500000 19.500000 9.500000
7.500000 22.500000 11.500000
32.500000 47.500000 15.500000
7.500000 21.500000 4.500000
8.500000 25.500000 6.500000
31.500000 76.500000 13.500000
31.500000 39.500000 16.500000
21.000000 50.000000 16.000000
32.500000 25.500000 16.500000
8.500000 40.500000 15.500000
23.500000 23.500000 9.500000
28.500000 24.500000 8.000000
9.500000 25.500000 8.500000
9.500000 13.500000 15.500000
9.500000 20.500000 10.500000
27.500000 25.500000 9.500000
28.500000 25.500000 13.500000
20.500000 88.500000 16.500000
19.500000 94.500000 19.500000
27.500000 13.500000 15.500000
31.500000 20.500000 13.500000
28.500000 21.500000 10.500000
12.500000 73.500000 11.500000
7.500000 76.500000 4.500000
31.500000 56.500000 15.500000
32.500000 73.500000 9.500000
7.500000 71.500000 7.500000
6.500000 71.500000 14.500000
19.500000 79.500000 15.500000
20.500000 23.500000 9.500000
6.500000 30.500000 15.500000
29.500000 77.500000 5.500000
8.500000 77.500000 9.500000
12.500000 25.500000 5.500000
12.500000 79.500000 12.500000
5.500000 75.500000 8.500000
32.500000 26.500000 3.500000
23.000000 29.000000 16.000000
7.500000 20.500000 10.500000
28.500000 26.500000 2.500000
33.500000 70.500000 16.500000
20.500000 6.500000 13.500000
19.500000 39.500000 15.500000
28.500000 80.500000 3.500000
12.500000 78.500000 5.500000
27.500000 20.500000 4.500000
32.500000 24.500000 8.500000
20.500000 77.500000 9.500000
28.500000 23.500000 9.500000
6.500000 51.500000 15.500000
28.000000 86.000000 16.000000
12.500000 90.500000 16.500000
7.500000 61.500000 15.500000
28.500000 74.500000 10.500000
33.500000 28.500000 15.500000
8.500000 80.500000 11.500000
12.500000 26.500000 12.500000
17.000000 24.000000 16.000000
32.500000 20.500000 9.500000
8.500000 23.500000 9.500000
27.000000 32.000000 16.000000
21.000000 71.000000 16.000000
27.500000 78.500000 9.500000
