113.000000 209.000000 234.000000 1.000000
320.000000 200.000000 174.000000 1.000000
250.000000 175.000000 104.000000 1.000000
276.000000 184.000000 139.000000 1.000000
236.000000 225.000000 152.000000 1.000000
248.000000 103.000000 66.000000 1.000000
248.000000 67.000000 47.000000 1.000000
270.000000 225.000000 144.000000 1.000000
260.000000 129.000000 89.000000 1.000000
260.000000 110.000000 69.000000 1.000000
76.000000 101.000000 217.000000 1.000000
261.000000 276.000000 216.000000 1.000000
246.000000 33.000000 26.000000 1.000000
245.000000 271.000000 221.000000 1.000000
232.000000 156.000000 101.000000 1.000000
180.000000 195.000000 179.000000 1.000000
249.000000 197.000000 129.000000 1.000000
230.000000 201.000000 85.000000 1.000000
389.000000 199.000000 235.000000 1.000000
228.000000 175.000000 86.000000 1.000000
249.000000 88.000000 58.000000 1.000000
254.000000 265.000000 203.000000 1.000000
253.000000 286.000000 208.000000 1.000000
273.000000 183.000000 62.000000 1.000000
260.000000 155.000000 99.000000 1.000000
248.000000 52.000000 39.000000 1.000000
251.000000 124.000000 83.000000 1.000000
249.000000 77.000000 55.000000 1.000000
246.000000 106.000000 79.000000 1.000000
254.000000 253.000000 186.000000 1.000000
253.000000 92.000000 68.000000 1.000000
265.000000 264.000000 228.000000 1.000000
426.000000 95.000000 228.000000 1.000000
270.000000 161.000000 77.000000 1.000000
246.000000 247.000000 242.000000 1.000000
254.000000 251.000000 166.000000 1.000000
253.000000 301.000000 196.000000 1.000000
246.000000 140.000000 100.000000 1.000000
