334.000000 152.000000 49.000000
303.000000 163.000000 91.000000
265.000000 132.000000 96.000000
232.000000 113.000000 54.000000
214.000000 126.000000 108.000000
248.000000 177.000000 208.000000
209.000000 172.000000 208.000000
314.000000 310.000000 147.000000
244.000000 262.000000 211.000000
259.000000 283.000000 45.000000
291.000000 345.000000 168.000000
257.000000 345.000000 207.000000
113.000000 240.000000 59.000000
390.000000 410.000000 41.000000
275.000000 382.000000 56.000000
138.000000 333.000000 69.000000
178.000000 376.000000 68.000000
