330.000000 150.000000 50.000000
20.000000 190.000000 55.000000
145.000000 335.000000 105.000000
190.000000 130.000000 90.000000
205.000000 130.000000 165.000000
340.000000 335.000000 55.000000
230.000000 375.000000 155.000000
260.000000 220.000000 185.000000
240.000000 180.000000 210.000000
230.000000 135.000000 195.000000
240.000000 210.000000 215.000000
265.000000 365.000000 170.000000
205.000000 125.000000 110.000000
215.000000 270.000000 220.000000
215.000000 330.000000 215.000000
285.000000 430.000000 45.000000
305.000000 480.000000 30.000000
115.000000 145.000000 45.000000
145.000000 245.000000 155.000000
115.000000 190.000000 50.000000
120.000000 280.000000 70.000000
