270.000000 470.000000 25.000000
175.000000 375.000000 65.000000
235.000000 125.000000 185.000000
325.000000 270.000000 120.000000
215.000000 320.000000 215.000000
335.000000 290.000000 65.000000
165.000000 160.000000 165.000000
310.000000 360.000000 55.000000
310.000000 340.000000 100.000000
295.000000 340.000000 170.000000
120.000000 280.000000 70.000000
215.000000 290.000000 215.000000
400.000000 405.000000 40.000000
250.000000 240.000000 220.000000
155.000000 175.000000 155.000000
255.000000 160.000000 210.000000
160.000000 100.000000 45.000000
240.000000 130.000000 195.000000
240.000000 80.000000 50.000000
135.000000 75.000000 45.000000
