325.000000 325.000000 50.000000
80.000000 230.000000 50.000000
315.000000 455.000000 35.000000
220.000000 380.000000 115.000000
230.000000 375.000000 155.000000
330.000000 150.000000 50.000000
270.000000 135.000000 85.000000
175.000000 445.000000 30.000000
225.000000 200.000000 190.000000
235.000000 125.000000 175.000000
215.000000 250.000000 220.000000
240.000000 210.000000 215.000000
240.000000 170.000000 210.000000
230.000000 135.000000 195.000000
215.000000 100.000000 50.000000
145.000000 245.000000 155.000000
120.000000 280.000000 70.000000
95.000000 415.000000 40.000000
130.000000 90.000000 45.000000
145.000000 35.000000 50.000000
