232.000000 113.000000 54.000000
347.000000 76.000000 46.000000
260.000000 133.000000 159.000000
236.000000 136.000000 195.000000
157.000000 147.000000 51.000000
303.000000 163.000000 91.000000
153.000000 163.000000 90.000000
183.000000 164.000000 187.000000
209.000000 172.000000 208.000000
248.000000 177.000000 208.000000
126.000000 188.000000 55.000000
210.000000 206.000000 208.000000
243.000000 212.000000 212.000000
171.000000 248.000000 45.000000
210.000000 252.000000 207.000000
37.000000 208.000000 49.000000
244.000000 262.000000 211.000000
326.000000 304.000000 88.000000
138.000000 333.000000 69.000000
204.000000 355.000000 201.000000
414.000000 326.000000 39.000000
247.000000 377.000000 118.000000
275.000000 382.000000 56.000000
351.000000 382.000000 45.000000
268.000000 475.000000 25.000000
