330.000000 150.000000 50.000000
120.000000 290.000000 60.000000
135.000000 190.000000 80.000000
195.000000 235.000000 185.000000
230.000000 380.000000 105.000000
220.000000 115.000000 50.000000
205.000000 125.000000 110.000000
260.000000 220.000000 185.000000
195.000000 130.000000 175.000000
240.000000 210.000000 215.000000
330.000000 350.000000 50.000000
250.000000 295.000000 45.000000
335.000000 420.000000 40.000000
390.000000 420.000000 40.000000
250.000000 360.000000 210.000000
275.000000 385.000000 55.000000
195.000000 360.000000 200.000000
175.000000 375.000000 70.000000
25.000000 325.000000 45.000000
