244.000000 262.000000 211.000000
266.000000 220.000000 182.000000
204.000000 355.000000 201.000000
287.000000 170.000000 165.000000
311.000000 208.000000 141.000000
175.000000 352.000000 151.000000
175.000000 143.000000 131.000000
325.000000 249.000000 111.000000
247.000000 377.000000 118.000000
131.000000 223.000000 104.000000
214.000000 126.000000 108.000000
326.000000 304.000000 88.000000
303.000000 163.000000 91.000000
153.000000 163.000000 90.000000
171.000000 248.000000 45.000000
225.000000 388.000000 59.000000
334.000000 152.000000 49.000000
299.000000 414.000000 48.000000
241.000000 430.000000 44.000000
47.000000 313.000000 46.000000
414.000000 326.000000 39.000000
425.000000 228.000000 37.000000
78.000000 102.000000 49.000000
347.000000 76.000000 46.000000
