137.000000 98.000000 46.000000
214.000000 126.000000 108.000000
232.000000 113.000000 54.000000
260.000000 133.000000 159.000000
236.000000 136.000000 195.000000
157.000000 147.000000 51.000000
153.000000 163.000000 90.000000
347.000000 76.000000 46.000000
183.000000 164.000000 187.000000
155.000000 184.000000 153.000000
209.000000 172.000000 208.000000
303.000000 163.000000 91.000000
126.000000 188.000000 55.000000
210.000000 206.000000 208.000000
131.000000 223.000000 104.000000
185.000000 224.000000 179.000000
146.000000 247.000000 152.000000
113.000000 240.000000 59.000000
171.000000 248.000000 45.000000
326.000000 304.000000 88.000000
138.000000 333.000000 69.000000
257.000000 345.000000 207.000000
247.000000 377.000000 118.000000
303.000000 365.000000 56.000000
275.000000 382.000000 56.000000
241.000000 430.000000 44.000000
