126.000000 188.000000 55.000000
113.000000 240.000000 59.000000
47.000000 313.000000 46.000000
131.000000 223.000000 104.000000
155.000000 184.000000 153.000000
123.000000 282.000000 73.000000
183.000000 164.000000 187.000000
149.000000 296.000000 152.000000
203.000000 130.000000 171.000000
138.000000 333.000000 69.000000
210.000000 206.000000 208.000000
210.000000 252.000000 207.000000
175.000000 352.000000 151.000000
102.000000 412.000000 42.000000
204.000000 355.000000 201.000000
225.000000 388.000000 59.000000
247.000000 377.000000 118.000000
303.000000 365.000000 56.000000
