410.000000 310.000000 35.000000
140.000000 175.000000 75.000000
340.000000 325.000000 50.000000
120.000000 270.000000 55.000000
220.000000 120.000000 60.000000
195.000000 130.000000 175.000000
275.000000 140.000000 110.000000
175.000000 375.000000 70.000000
160.000000 340.000000 155.000000
305.000000 185.000000 140.000000
240.000000 210.000000 215.000000
330.000000 150.000000 50.000000
240.000000 170.000000 210.000000
145.000000 245.000000 155.000000
65.000000 205.000000 50.000000
65.000000 130.000000 45.000000
