155 175 154
425 220 39
220 125 104
275 385 54
145 245 154
345 265 54
260 295 209
155 160 94
290 410 49
180 55 49
255 345 214
390 420 39
330 300 89
250 265 214
185 165 189
330 195 59
255 130 164
35 210 49
295 340 169
250 380 114
200 130 174
130 220 99
345 230 54
140 335 69
180 140 129
150 295 159
120 240 54
250 375 159
300 355 89
235 115 49
230 390 59
95 415 39
255 370 184
240 210 214
215 205 209
155 145 54
175 375 69
190 220 179
265 380 79
170 260 44
200 140 204
325 245 119
260 145 199
340 300 54
245 440 44
265 290 44
260 220 184
205 255 214
130 90 44
340 390 44
315 455 39
70 115 49
275 125 49
200 305 209
125 280 69
240 180 209
175 355 159
205 360 204
265 130 89
295 270 169
350 80 44
270 470 24
40 320 49
230 135 194
330 150 49
315 205 134
190 125 54
315 315 139
130 185 54
300 365 59
300 160 94
410 310 34
320 340 59
340 335 54
175 445 29
210 170 214
270 35 49
290 170 169
