330.000000 155.000000 50.000000
145.000000 350.000000 60.000000
125.000000 240.000000 80.000000
220.000000 115.000000 50.000000
160.000000 155.000000 105.000000
240.000000 180.000000 210.000000
200.000000 180.000000 215.000000
310.000000 325.000000 150.000000
215.000000 300.000000 220.000000
250.000000 295.000000 45.000000
285.000000 355.000000 170.000000
250.000000 360.000000 210.000000
20.000000 305.000000 45.000000
390.000000 420.000000 40.000000
275.000000 385.000000 55.000000
140.000000 335.000000 70.000000
175.000000 375.000000 70.000000
