334.000000 152.000000 49.000000
311.000000 208.000000 141.000000
341.000000 331.000000 53.000000
351.000000 382.000000 45.000000
266.000000 220.000000 182.000000
301.000000 350.000000 100.000000
260.000000 133.000000 159.000000
291.000000 345.000000 168.000000
259.000000 301.000000 204.000000
243.000000 212.000000 212.000000
244.000000 262.000000 211.000000
299.000000 414.000000 48.000000
331.000000 448.000000 39.000000
203.000000 130.000000 171.000000
204.000000 141.000000 201.000000
204.000000 355.000000 201.000000
157.000000 147.000000 51.000000
146.000000 247.000000 152.000000
126.000000 188.000000 55.000000
123.000000 282.000000 73.000000
113.000000 240.000000 59.000000
