140.000000 335.000000 70.000000
295.000000 280.000000 170.000000
120.000000 280.000000 70.000000
230.000000 390.000000 60.000000
120.000000 230.000000 55.000000
285.000000 365.000000 115.000000
195.000000 130.000000 100.000000
280.000000 360.000000 160.000000
250.000000 275.000000 220.000000
190.000000 220.000000 180.000000
235.000000 230.000000 215.000000
295.000000 340.000000 170.000000
250.000000 255.000000 215.000000
215.000000 205.000000 210.000000
200.000000 135.000000 190.000000
160.000000 140.000000 50.000000
180.000000 140.000000 130.000000
250.000000 200.000000 215.000000
330.000000 300.000000 90.000000
205.000000 135.000000 200.000000
350.000000 260.000000 55.000000
255.000000 85.000000 50.000000
270.000000 20.000000 50.000000
