123.000000 282.000000 73.000000
113.000000 240.000000 59.000000
146.000000 247.000000 152.000000
126.000000 188.000000 55.000000
185.000000 224.000000 179.000000
209.000000 307.000000 206.000000
210.000000 252.000000 207.000000
247.000000 377.000000 118.000000
248.000000 373.000000 155.000000
183.000000 164.000000 187.000000
267.000000 377.000000 84.000000
275.000000 382.000000 56.000000
214.000000 126.000000 108.000000
303.000000 365.000000 56.000000
299.000000 414.000000 48.000000
326.000000 304.000000 88.000000
347.000000 265.000000 57.000000
