425.000000 228.000000 37.000000
414.000000 326.000000 39.000000
325.000000 249.000000 111.000000
311.000000 208.000000 141.000000
347.000000 265.000000 57.000000
326.000000 304.000000 88.000000
266.000000 220.000000 182.000000
303.000000 163.000000 91.000000
334.000000 152.000000 49.000000
244.000000 262.000000 211.000000
347.000000 76.000000 46.000000
259.000000 283.000000 45.000000
299.000000 414.000000 48.000000
331.000000 448.000000 39.000000
225.000000 388.000000 59.000000
241.000000 430.000000 44.000000
155.000000 184.000000 153.000000
138.000000 333.000000 69.000000
180.000000 458.000000 29.000000
162.000000 47.000000 51.000000
102.000000 412.000000 42.000000
47.000000 313.000000 46.000000
