347.000000 76.000000 46.000000
260.000000 133.000000 159.000000
236.000000 136.000000 195.000000
303.000000 163.000000 91.000000
334.000000 152.000000 49.000000
175.000000 143.000000 131.000000
287.000000 170.000000 165.000000
153.000000 163.000000 90.000000
311.000000 208.000000 141.000000
243.000000 212.000000 212.000000
146.000000 247.000000 152.000000
326.000000 304.000000 88.000000
37.000000 208.000000 49.000000
414.000000 326.000000 39.000000
138.000000 333.000000 69.000000
204.000000 355.000000 201.000000
275.000000 382.000000 56.000000
47.000000 313.000000 46.000000
178.000000 376.000000 68.000000
331.000000 448.000000 39.000000
