341.000000 331.000000 53.000000
326.000000 304.000000 88.000000
331.000000 448.000000 39.000000
247.000000 377.000000 118.000000
248.000000 373.000000 155.000000
334.000000 152.000000 49.000000
303.000000 163.000000 91.000000
241.000000 430.000000 44.000000
266.000000 220.000000 182.000000
287.000000 170.000000 165.000000
244.000000 262.000000 211.000000
243.000000 212.000000 212.000000
248.000000 177.000000 208.000000
236.000000 136.000000 195.000000
232.000000 113.000000 54.000000
146.000000 247.000000 152.000000
123.000000 282.000000 73.000000
102.000000 412.000000 42.000000
137.000000 98.000000 46.000000
162.000000 47.000000 51.000000
