178.000000 376.000000 68.000000
175.000000 352.000000 151.000000
204.000000 355.000000 201.000000
248.000000 373.000000 155.000000
267.000000 377.000000 84.000000
123.000000 282.000000 73.000000
301.000000 350.000000 100.000000
146.000000 247.000000 152.000000
113.000000 240.000000 59.000000
244.000000 262.000000 211.000000
185.000000 224.000000 179.000000
326.000000 304.000000 88.000000
390.000000 410.000000 41.000000
210.000000 206.000000 208.000000
209.000000 172.000000 208.000000
236.000000 136.000000 195.000000
261.000000 36.000000 52.000000
