175.000000 143.000000 131.000000
203.000000 130.000000 171.000000
232.000000 113.000000 54.000000
157.000000 147.000000 51.000000
204.000000 141.000000 201.000000
236.000000 136.000000 195.000000
183.000000 164.000000 187.000000
260.000000 133.000000 159.000000
155.000000 184.000000 153.000000
126.000000 188.000000 55.000000
209.000000 172.000000 208.000000
347.000000 76.000000 46.000000
131.000000 223.000000 104.000000
287.000000 170.000000 165.000000
210.000000 206.000000 208.000000
113.000000 240.000000 59.000000
146.000000 247.000000 152.000000
171.000000 248.000000 45.000000
123.000000 282.000000 73.000000
149.000000 296.000000 152.000000
259.000000 283.000000 45.000000
259.000000 301.000000 204.000000
175.000000 352.000000 151.000000
247.000000 377.000000 118.000000
275.000000 382.000000 56.000000
351.000000 382.000000 45.000000
268.000000 475.000000 25.000000
