160.000000 195.000000 45.000000
120.000000 240.000000 55.000000
55.000000 320.000000 45.000000
330.000000 300.000000 90.000000
290.000000 210.000000 170.000000
125.000000 280.000000 70.000000
185.000000 165.000000 190.000000
260.000000 370.000000 170.000000
255.000000 130.000000 180.000000
140.000000 335.000000 70.000000
215.000000 205.000000 210.000000
250.000000 265.000000 215.000000
200.000000 370.000000 155.000000
110.000000 425.000000 35.000000
205.000000 360.000000 205.000000
230.000000 390.000000 60.000000
250.000000 380.000000 115.000000
340.000000 390.000000 50.000000
