270.000000 470.000000 25.000000
305.000000 150.000000 45.000000
265.000000 140.000000 190.000000
175.000000 375.000000 70.000000
305.000000 355.000000 50.000000
330.000000 245.000000 90.000000
365.000000 365.000000 40.000000
400.000000 405.000000 40.000000
295.000000 340.000000 170.000000
260.000000 325.000000 215.000000
320.000000 295.000000 150.000000
205.000000 265.000000 220.000000
260.000000 285.000000 205.000000
145.000000 285.000000 150.000000
205.000000 210.000000 215.000000
145.000000 245.000000 155.000000
180.000000 175.000000 185.000000
245.000000 195.000000 215.000000
210.000000 170.000000 215.000000
115.000000 145.000000 45.000000
250.000000 160.000000 215.000000
205.000000 135.000000 200.000000
230.000000 100.000000 50.000000
135.000000 75.000000 45.000000
