256.000000 130.000000 165.000000 1.000000
425.000000 228.000000 37.000000 1.000000
221.000000 125.000000 105.000000 1.000000
361.000000 395.000000 40.000000 1.000000
291.000000 210.000000 170.000000 1.000000
347.000000 265.000000 57.000000 1.000000
259.000000 301.000000 204.000000 1.000000
226.000000 125.000000 80.000000 1.000000
299.000000 414.000000 48.000000 1.000000
162.000000 47.000000 51.000000 1.000000
271.000000 345.000000 210.000000 1.000000
390.000000 410.000000 41.000000 1.000000
326.000000 304.000000 88.000000 1.000000
244.000000 262.000000 211.000000 1.000000
226.000000 140.000000 195.000000 1.000000
328.000000 196.000000 59.000000 1.000000
260.000000 133.000000 159.000000 1.000000
37.000000 208.000000 49.000000 1.000000
291.000000 345.000000 168.000000 1.000000
251.000000 380.000000 115.000000 1.000000
211.000000 124.000000 170.000000 1.000000
301.000000 160.000000 95.000000 1.000000
348.000000 229.000000 57.000000 1.000000
138.000000 333.000000 69.000000 1.000000
175.000000 143.000000 131.000000 1.000000
149.000000 296.000000 152.000000 1.000000
121.000000 240.000000 55.000000 1.000000
256.000000 375.000000 155.000000 1.000000
301.000000 350.000000 100.000000 1.000000
232.000000 113.000000 54.000000 1.000000
225.000000 388.000000 59.000000 1.000000
102.000000 412.000000 42.000000 1.000000
256.000000 368.000000 186.000000 1.000000
243.000000 212.000000 212.000000 1.000000
210.000000 206.000000 208.000000 1.000000
157.000000 147.000000 51.000000 1.000000
178.000000 376.000000 68.000000 1.000000
191.000000 220.000000 180.000000 1.000000
276.000000 375.000000 85.000000 1.000000
171.000000 248.000000 45.000000 1.000000
204.000000 141.000000 201.000000 1.000000
325.000000 249.000000 111.000000 1.000000
260.000000 146.000000 200.000000 1.000000
340.000000 302.000000 56.000000 1.000000
241.000000 430.000000 44.000000 1.000000
276.000000 285.000000 45.000000 1.000000
266.000000 220.000000 182.000000 1.000000
210.000000 252.000000 207.000000 1.000000
137.000000 98.000000 46.000000 1.000000
351.000000 382.000000 45.000000 1.000000
331.000000 448.000000 39.000000 1.000000
78.000000 102.000000 49.000000 1.000000
273.000000 124.000000 51.000000 1.000000
251.000000 305.000000 215.000000 1.000000
126.000000 280.000000 70.000000 1.000000
248.000000 177.000000 208.000000 1.000000
271.000000 365.000000 165.000000 1.000000
226.000000 355.000000 205.000000 1.000000
265.000000 132.000000 96.000000 1.000000
294.000000 268.000000 169.000000 1.000000
347.000000 76.000000 46.000000 1.000000
268.000000 475.000000 25.000000 1.000000
47.000000 313.000000 46.000000 1.000000
236.000000 136.000000 195.000000 1.000000
334.000000 152.000000 49.000000 1.000000
311.000000 208.000000 141.000000 1.000000
189.000000 125.000000 56.000000 1.000000
314.000000 310.000000 147.000000 1.000000
131.000000 185.000000 55.000000 1.000000
336.000000 370.000000 50.000000 1.000000
303.000000 163.000000 91.000000 1.000000
414.000000 326.000000 39.000000 1.000000
318.000000 340.000000 60.000000 1.000000
341.000000 331.000000 53.000000 1.000000
231.000000 485.000000 15.000000 1.000000
209.000000 172.000000 208.000000 1.000000
261.000000 36.000000 52.000000 1.000000
287.000000 170.000000 165.000000 1.000000
