155.000000 184.000000 153.000000 1.000000
425.000000 228.000000 37.000000 1.000000
214.000000 126.000000 108.000000 1.000000
275.000000 386.000000 55.000000 1.000000
146.000000 247.000000 152.000000 1.000000
347.000000 265.000000 57.000000 1.000000
259.000000 301.000000 204.000000 1.000000
145.000000 181.000000 90.000000 1.000000
299.000000 414.000000 48.000000 1.000000
162.000000 47.000000 51.000000 1.000000
257.000000 345.000000 207.000000 1.000000
390.000000 410.000000 41.000000 1.000000
325.000000 311.000000 85.000000 1.000000
245.000000 286.000000 215.000000 1.000000
185.000000 166.000000 190.000000 1.000000
328.000000 196.000000 59.000000 1.000000
270.000000 231.000000 175.000000 1.000000
34.000000 211.000000 50.000000 1.000000
291.000000 345.000000 168.000000 1.000000
250.000000 381.000000 115.000000 1.000000
203.000000 130.000000 171.000000 1.000000
131.000000 223.000000 104.000000 1.000000
348.000000 229.000000 57.000000 1.000000
140.000000 336.000000 70.000000 1.000000
175.000000 143.000000 131.000000 1.000000
149.000000 296.000000 152.000000 1.000000
113.000000 240.000000 59.000000 1.000000
248.000000 373.000000 155.000000 1.000000
301.000000 350.000000 100.000000 1.000000
235.000000 116.000000 50.000000 1.000000
225.000000 388.000000 59.000000 1.000000
102.000000 412.000000 42.000000 1.000000
256.000000 368.000000 186.000000 1.000000
245.000000 231.000000 220.000000 1.000000
205.000000 246.000000 220.000000 1.000000
155.000000 156.000000 45.000000 1.000000
178.000000 376.000000 68.000000 1.000000
185.000000 224.000000 179.000000 1.000000
267.000000 377.000000 84.000000 1.000000
170.000000 261.000000 45.000000 1.000000
204.000000 141.000000 201.000000 1.000000
325.000000 249.000000 111.000000 1.000000
260.000000 146.000000 200.000000 1.000000
340.000000 302.000000 56.000000 1.000000
241.000000 430.000000 44.000000 1.000000
259.000000 283.000000 45.000000 1.000000
266.000000 220.000000 182.000000 1.000000
205.000000 296.000000 220.000000 1.000000
137.000000 98.000000 46.000000 1.000000
360.000000 426.000000 40.000000 1.000000
331.000000 448.000000 39.000000 1.000000
78.000000 102.000000 49.000000 1.000000
273.000000 124.000000 51.000000 1.000000
209.000000 307.000000 206.000000 1.000000
123.000000 282.000000 73.000000 1.000000
250.000000 201.000000 215.000000 1.000000
175.000000 352.000000 151.000000 1.000000
205.000000 361.000000 205.000000 1.000000
265.000000 132.000000 96.000000 1.000000
294.000000 268.000000 169.000000 1.000000
351.000000 81.000000 45.000000 1.000000
270.000000 486.000000 20.000000 1.000000
47.000000 313.000000 46.000000 1.000000
235.000000 141.000000 200.000000 1.000000
334.000000 152.000000 49.000000 1.000000
311.000000 208.000000 141.000000 1.000000
189.000000 125.000000 56.000000 1.000000
314.000000 310.000000 147.000000 1.000000
125.000000 196.000000 55.000000 1.000000
303.000000 365.000000 56.000000 1.000000
305.000000 171.000000 90.000000 1.000000
425.000000 356.000000 35.000000 1.000000
318.000000 340.000000 60.000000 1.000000
341.000000 331.000000 53.000000 1.000000
180.000000 458.000000 29.000000 1.000000
205.000000 186.000000 215.000000 1.000000
261.000000 36.000000 52.000000 1.000000
287.000000 170.000000 165.000000 1.000000
