113.000000 240.000000 59.000000
123.000000 282.000000 73.000000
126.000000 188.000000 55.000000
153.000000 163.000000 90.000000
175.000000 352.000000 151.000000
175.000000 143.000000 131.000000
183.000000 164.000000 187.000000
210.000000 252.000000 207.000000
209.000000 307.000000 206.000000
210.000000 206.000000 208.000000
203.000000 130.000000 171.000000
204.000000 355.000000 201.000000
244.000000 262.000000 211.000000
259.000000 283.000000 45.000000
247.000000 377.000000 118.000000
248.000000 373.000000 155.000000
241.000000 430.000000 44.000000
303.000000 365.000000 56.000000
261.000000 36.000000 52.000000
351.000000 382.000000 45.000000
