341.000000 331.000000 53.000000
326.000000 304.000000 88.000000
314.000000 310.000000 147.000000
267.000000 377.000000 84.000000
268.000000 475.000000 25.000000
247.000000 377.000000 118.000000
257.000000 345.000000 207.000000
266.000000 220.000000 182.000000
244.000000 262.000000 211.000000
204.000000 355.000000 201.000000
334.000000 152.000000 49.000000
303.000000 163.000000 91.000000
287.000000 170.000000 165.000000
243.000000 212.000000 212.000000
248.000000 177.000000 208.000000
209.000000 172.000000 208.000000
146.000000 247.000000 152.000000
123.000000 282.000000 73.000000
204.000000 141.000000 201.000000
113.000000 240.000000 59.000000
126.000000 188.000000 55.000000
