125.000000 280.000000 70.000000
120.000000 240.000000 55.000000
290.000000 170.000000 170.000000
130.000000 185.000000 55.000000
190.000000 220.000000 180.000000
255.000000 295.000000 220.000000
250.000000 240.000000 220.000000
265.000000 375.000000 115.000000
255.000000 375.000000 155.000000
225.000000 130.000000 195.000000
275.000000 375.000000 85.000000
285.000000 380.000000 55.000000
220.000000 125.000000 105.000000
365.000000 365.000000 45.000000
315.000000 415.000000 45.000000
330.000000 300.000000 90.000000
445.000000 240.000000 40.000000
