230.000000 295.000000 45.000000
280.000000 165.000000 180.000000
220.000000 330.000000 210.000000
305.000000 325.000000 165.000000
310.000000 345.000000 75.000000
120.000000 280.000000 70.000000
310.000000 340.000000 100.000000
145.000000 245.000000 155.000000
125.000000 165.000000 45.000000
250.000000 255.000000 215.000000
190.000000 220.000000 180.000000
330.000000 300.000000 90.000000
400.000000 405.000000 40.000000
215.000000 190.000000 215.000000
210.000000 160.000000 210.000000
240.000000 130.000000 195.000000
270.000000 20.000000 50.000000
