138.000000 333.000000 69.000000
175.000000 352.000000 151.000000
123.000000 282.000000 73.000000
225.000000 388.000000 59.000000
113.000000 240.000000 59.000000
247.000000 377.000000 118.000000
131.000000 223.000000 104.000000
248.000000 373.000000 155.000000
209.000000 307.000000 206.000000
185.000000 224.000000 179.000000
210.000000 252.000000 207.000000
291.000000 345.000000 168.000000
244.000000 262.000000 211.000000
210.000000 206.000000 208.000000
183.000000 164.000000 187.000000
157.000000 147.000000 51.000000
175.000000 143.000000 131.000000
243.000000 212.000000 212.000000
326.000000 304.000000 88.000000
204.000000 141.000000 201.000000
347.000000 265.000000 57.000000
232.000000 113.000000 54.000000
261.000000 36.000000 52.000000
