299.000000 414.000000 48.000000
267.000000 377.000000 84.000000
301.000000 350.000000 100.000000
291.000000 345.000000 168.000000
178.000000 376.000000 68.000000
314.000000 310.000000 147.000000
326.000000 304.000000 88.000000
175.000000 352.000000 151.000000
259.000000 301.000000 204.000000
209.000000 307.000000 206.000000
325.000000 249.000000 111.000000
244.000000 262.000000 211.000000
266.000000 220.000000 182.000000
123.000000 282.000000 73.000000
171.000000 248.000000 45.000000
146.000000 247.000000 152.000000
47.000000 313.000000 46.000000
287.000000 170.000000 165.000000
155.000000 184.000000 153.000000
126.000000 188.000000 55.000000
232.000000 113.000000 54.000000
