160 170 74
75 115 39
135 110 24
50 400 34
155 125 54
35 400 29
55 360 24
155 390 39
30 365 19
155 110 14
130 370 24
155 135 39
95 75 69
50 370 59
120 310 69
55 95 29
155 90 29
25 105 79
30 380 59
40 410 74
135 135 34
40 360 54
30 130 44
135 90 39
30 115 59
160 230 79
30 105 19
35 130 24
150 380 64
160 185 79
105 240 69
160 125 74
35 200 69
110 110 39
135 115 39
50 135 39
45 60 74
55 100 54
135 135 49
135 120 59
95 435 79
95 480 99
145 65 74
155 110 64
135 100 59
55 360 49
30 385 19
165 285 74
155 360 39
30 355 39
35 360 79
95 400 69
95 110 39
20 150 79
155 380 14
50 380 39
55 120 19
55 390 54
35 370 39
155 130 24
120 135 84
30 95 44
135 125 19
160 345 74
95 20 74
95 195 69
135 395 19
55 385 19
130 100 19
155 125 39
95 380 39
150 110 39
30 255 69
130 435 79
60 455 89
30 300 79
135 360 54
165 150 74
30 395 49
55 125 54
85 120 69
155 90 49
45 110 39
130 155 69
110 360 69
130 390 49
