159.000000 124.000000 79.000000
156.000000 122.000000 55.000000
154.000000 104.000000 67.000000
156.000000 194.000000 78.000000
154.000000 111.000000 19.000000
136.000000 162.000000 78.000000
95.000000 74.000000 77.000000
153.000000 382.000000 64.000000
45.000000 64.000000 77.000000
106.000000 357.000000 78.000000
40.000000 200.000000 77.000000
29.000000 150.000000 78.000000
28.000000 106.000000 78.000000
32.000000 253.000000 77.000000
51.000000 369.000000 63.000000
38.000000 405.000000 77.000000
