164.000000 168.000000 79.000000
159.000000 124.000000 79.000000
160.000000 282.000000 77.000000
154.000000 104.000000 67.000000
134.000000 101.000000 19.000000
115.000000 147.000000 79.000000
105.000000 249.000000 78.000000
153.000000 382.000000 64.000000
95.000000 197.000000 77.000000
84.000000 122.000000 80.000000
138.000000 431.000000 80.000000
40.000000 200.000000 77.000000
32.000000 253.000000 77.000000
29.000000 150.000000 78.000000
45.000000 64.000000 77.000000
34.000000 304.000000 77.000000
28.000000 106.000000 78.000000
51.000000 369.000000 63.000000
38.000000 405.000000 77.000000
