84.000000 140.000000 85.000000 1.000000
71.000000 113.000000 39.000000 1.000000
134.000000 112.000000 26.000000 1.000000
52.000000 397.000000 34.000000 1.000000
156.000000 122.000000 55.000000 1.000000
34.000000 397.000000 32.000000 1.000000
53.000000 362.000000 25.000000 1.000000
154.000000 393.000000 41.000000 1.000000
33.000000 364.000000 22.000000 1.000000
154.000000 111.000000 19.000000 1.000000
133.000000 368.000000 25.000000 1.000000
154.000000 135.000000 42.000000 1.000000
59.000000 55.000000 80.000000 1.000000
34.000000 375.000000 65.000000 1.000000
112.000000 310.000000 79.000000 1.000000
52.000000 96.000000 28.000000 1.000000
154.000000 94.000000 28.000000 1.000000
24.000000 105.000000 80.000000 1.000000
33.000000 381.000000 64.000000 1.000000
29.000000 410.000000 80.000000 1.000000
134.000000 132.000000 33.000000 1.000000
35.000000 360.000000 55.000000 1.000000
33.000000 129.000000 47.000000 1.000000
135.000000 91.000000 38.000000 1.000000
34.000000 114.000000 59.000000 1.000000
64.000000 225.000000 85.000000 1.000000
33.000000 104.000000 21.000000 1.000000
34.000000 127.000000 26.000000 1.000000
149.000000 380.000000 65.000000 1.000000
156.000000 194.000000 78.000000 1.000000
19.000000 245.000000 80.000000 1.000000
159.000000 124.000000 79.000000 1.000000
19.000000 200.000000 75.000000 1.000000
110.000000 112.000000 39.000000 1.000000
133.000000 113.000000 41.000000 1.000000
51.000000 132.000000 39.000000 1.000000
34.000000 60.000000 75.000000 1.000000
52.000000 99.000000 56.000000 1.000000
135.000000 132.000000 50.000000 1.000000
135.000000 121.000000 59.000000 1.000000
96.000000 436.000000 79.000000 1.000000
99.000000 474.000000 99.000000 1.000000
142.000000 64.000000 77.000000 1.000000
84.000000 65.000000 70.000000 1.000000
133.000000 102.000000 59.000000 1.000000
54.000000 359.000000 48.000000 1.000000
33.000000 384.000000 21.000000 1.000000
49.000000 295.000000 85.000000 1.000000
153.000000 361.000000 41.000000 1.000000
34.000000 354.000000 38.000000 1.000000
31.000000 353.000000 77.000000 1.000000
95.000000 395.000000 76.000000 1.000000
93.000000 111.000000 40.000000 1.000000
19.000000 150.000000 80.000000 1.000000
154.000000 378.000000 20.000000 1.000000
51.000000 378.000000 39.000000 1.000000
53.000000 120.000000 21.000000 1.000000
53.000000 389.000000 53.000000 1.000000
33.000000 372.000000 42.000000 1.000000
155.000000 127.000000 24.000000 1.000000
115.000000 147.000000 79.000000 1.000000
32.000000 95.000000 43.000000 1.000000
135.000000 123.000000 18.000000 1.000000
158.000000 344.000000 77.000000 1.000000
93.000000 24.000000 77.000000 1.000000
14.000000 185.000000 80.000000 1.000000
135.000000 393.000000 25.000000 1.000000
53.000000 384.000000 20.000000 1.000000
134.000000 101.000000 19.000000 1.000000
156.000000 124.000000 40.000000 1.000000
93.000000 378.000000 40.000000 1.000000
151.000000 108.000000 42.000000 1.000000
19.000000 255.000000 75.000000 1.000000
129.000000 436.000000 80.000000 1.000000
60.000000 449.000000 85.000000 1.000000
19.000000 305.000000 75.000000 1.000000
135.000000 364.000000 52.000000 1.000000
39.000000 90.000000 80.000000 1.000000
33.000000 393.000000 48.000000 1.000000
53.000000 123.000000 57.000000 1.000000
84.000000 122.000000 80.000000 1.000000
155.000000 93.000000 49.000000 1.000000
45.000000 111.000000 39.000000 1.000000
136.000000 162.000000 78.000000 1.000000
39.000000 380.000000 80.000000 1.000000
134.000000 390.000000 50.000000 1.000000
