105.000000 470.000000 100.000000
85.000000 275.000000 85.000000
35.000000 385.000000 30.000000
35.000000 375.000000 65.000000
155.000000 300.000000 80.000000
150.000000 275.000000 85.000000
155.000000 375.000000 65.000000
150.000000 240.000000 85.000000
60.000000 55.000000 80.000000
140.000000 60.000000 80.000000
160.000000 185.000000 80.000000
140.000000 60.000000 80.000000
35.000000 120.000000 45.000000
95.000000 75.000000 85.000000
75.000000 105.000000 40.000000
50.000000 95.000000 55.000000
