37.000000 40.000000 35.000000
46.000000 34.000000 16.000000
47.000000 41.000000 17.000000
47.000000 30.000000 19.000000
53.000000 49.000000 49.000000
54.000000 54.000000 45.000000
52.000000 38.000000 25.000000
52.000000 50.000000 37.000000
52.000000 34.000000 22.000000
52.000000 57.000000 44.000000
50.000000 28.000000 20.000000
51.000000 25.000000 17.000000
50.000000 22.000000 16.000000
53.000000 28.000000 17.000000
54.000000 33.000000 20.000000
56.000000 37.000000 28.000000
52.000000 22.000000 14.000000
51.000000 15.000000 11.000000
49.000000 6.000000 5.000000
