56.000000 69.000000 -5.000000
33.000000 70.000000 -1.000000
63.000000 50.000000 1.000000
72.000000 57.000000 -1.000000
64.000000 46.000000 3.000000
69.000000 32.000000 4.000000
33.000000 52.000000 8.000000
52.000000 57.000000 9.000000
24.000000 38.000000 7.000000
31.000000 29.000000 10.000000
70.000000 46.000000 11.000000
67.000000 30.000000 10.000000
55.000000 76.000000 11.000000
23.000000 48.000000 12.000000
46.000000 23.000000 11.000000
45.000000 78.000000 12.000000
9.000000 63.000000 9.000000
43.000000 25.000000 22.000000
52.000000 27.000000 32.000000
52.000000 48.000000 35.000000
49.000000 52.000000 42.000000
49.000000 42.000000 42.000000
