-5.000000 102.000000 18.000000 1.000000
-5.000000 45.000000 6.000000 1.000000
28.000000 23.000000 6.000000 1.000000
10.000000 79.000000 7.000000 1.000000
31.000000 24.000000 11.000000 1.000000
7.000000 79.000000 6.000000 1.000000
-1.000000 95.000000 5.000000 1.000000
31.000000 79.000000 8.000000 1.000000
7.000000 73.000000 4.000000 1.000000
31.000000 22.000000 4.000000 1.000000
8.000000 115.000000 3.000000 1.000000
-10.000000 99.000000 6.000000 1.000000
-27.000000 70.000000 16.000000 1.000000
3.000000 86.000000 13.000000 1.000000
22.000000 62.000000 16.000000 1.000000
10.000000 19.000000 6.000000 1.000000
31.000000 19.000000 6.000000 1.000000
6.000000 21.000000 16.000000 1.000000
7.000000 76.000000 13.000000 1.000000
8.000000 81.000000 15.000000 1.000000
27.000000 26.000000 7.000000 1.000000
-23.000000 122.000000 9.000000 1.000000
7.000000 26.000000 9.000000 1.000000
12.000000 42.000000 7.000000 1.000000
7.000000 23.000000 12.000000 1.000000
-14.000000 139.000000 16.000000 1.000000
7.000000 21.000000 4.000000 1.000000
7.000000 25.000000 5.000000 1.000000
23.000000 93.000000 13.000000 1.000000
17.000000 64.000000 18.000000 1.000000
-15.000000 110.000000 17.000000 1.000000
-7.000000 87.000000 18.000000 1.000000
8.000000 40.000000 15.000000 1.000000
23.000000 23.000000 9.000000 1.000000
28.000000 24.000000 9.000000 1.000000
10.000000 26.000000 8.000000 1.000000
-22.000000 46.000000 16.000000 1.000000
10.000000 20.000000 11.000000 1.000000
27.000000 26.000000 10.000000 1.000000
28.000000 25.000000 13.000000 1.000000
4.000000 123.000000 18.000000 1.000000
-0.000000 141.000000 22.000000 1.000000
-27.000000 87.000000 16.000000 1.000000
25.000000 30.000000 13.000000 1.000000
25.000000 25.000000 13.000000 1.000000
-17.000000 126.000000 9.000000 1.000000
7.000000 77.000000 4.000000 1.000000
-4.000000 132.000000 17.000000 1.000000
15.000000 112.000000 8.000000 1.000000
7.000000 71.000000 8.000000 1.000000
6.000000 71.000000 15.000000 1.000000
-18.000000 159.000000 15.000000 1.000000
3.000000 45.000000 7.000000 1.000000
-20.000000 61.000000 17.000000 1.000000
31.000000 76.000000 4.000000 1.000000
9.000000 77.000000 9.000000 1.000000
-10.000000 51.000000 3.000000 1.000000
-30.000000 157.000000 10.000000 1.000000
8.000000 75.000000 9.000000 1.000000
31.000000 25.000000 5.000000 1.000000
-16.000000 86.000000 17.000000 1.000000
7.000000 20.000000 10.000000 1.000000
28.000000 26.000000 4.000000 1.000000
11.000000 120.000000 17.000000 1.000000
-7.000000 34.000000 16.000000 1.000000
-26.000000 108.000000 16.000000 1.000000
27.000000 79.000000 5.000000 1.000000
-0.000000 99.000000 4.000000 1.000000
27.000000 20.000000 4.000000 1.000000
31.000000 26.000000 9.000000 1.000000
1.000000 115.000000 7.000000 1.000000
18.000000 42.000000 6.000000 1.000000
6.000000 51.000000 15.000000 1.000000
28.000000 86.000000 16.000000 1.000000
12.000000 90.000000 17.000000 1.000000
7.000000 61.000000 15.000000 1.000000
27.000000 73.000000 10.000000 1.000000
-21.000000 123.000000 16.000000 1.000000
7.000000 79.000000 10.000000 1.000000
-30.000000 78.000000 10.000000 1.000000
-20.000000 72.000000 17.000000 1.000000
31.000000 19.000000 10.000000 1.000000
9.000000 23.000000 9.000000 1.000000
-15.000000 100.000000 17.000000 1.000000
21.000000 71.000000 16.000000 1.000000
27.000000 78.000000 10.000000 1.000000
