24.000000 27.000000 17.000000
33.000000 20.000000 15.000000
11.000000 24.000000 11.000000
34.000000 43.000000 16.000000
22.000000 5.000000 15.000000
34.000000 54.000000 15.000000
33.000000 30.000000 16.000000
34.000000 33.000000 16.000000
34.000000 46.000000 15.000000
31.000000 19.000000 8.000000
29.000000 76.000000 15.000000
31.000000 22.000000 13.000000
31.000000 22.000000 13.000000
31.000000 34.000000 17.000000
8.000000 72.000000 15.000000
33.000000 57.000000 16.000000
11.000000 75.000000 10.000000
8.000000 76.000000 13.000000
34.000000 33.000000 15.000000
34.000000 40.000000 16.000000
10.000000 75.000000 13.000000
9.000000 82.000000 15.000000
33.000000 49.000000 15.000000
25.000000 73.000000 16.000000
30.000000 87.000000 15.000000
14.000000 91.000000 17.000000
21.000000 89.000000 18.000000
22.000000 96.000000 20.000000
