22.000000 70.000000 17.000000 1.000000
-9.000000 65.000000 5.000000 1.000000
28.000000 23.000000 6.000000 1.000000
10.000000 79.000000 7.000000 1.000000
31.000000 24.000000 11.000000 1.000000
7.000000 79.000000 6.000000 1.000000
12.000000 73.000000 6.000000 1.000000
31.000000 79.000000 8.000000 1.000000
7.000000 73.000000 4.000000 1.000000
31.000000 22.000000 4.000000 1.000000
27.000000 74.000000 5.000000 1.000000
-2.000000 130.000000 5.000000 1.000000
-20.000000 92.000000 16.000000 1.000000
10.000000 74.000000 13.000000 1.000000
5.000000 111.000000 18.000000 1.000000
10.000000 19.000000 6.000000 1.000000
31.000000 19.000000 6.000000 1.000000
6.000000 21.000000 16.000000 1.000000
7.000000 76.000000 13.000000 1.000000
8.000000 81.000000 15.000000 1.000000
27.000000 26.000000 7.000000 1.000000
7.000000 72.000000 11.000000 1.000000
7.000000 26.000000 9.000000 1.000000
18.000000 43.000000 7.000000 1.000000
7.000000 23.000000 12.000000 1.000000
2.000000 148.000000 16.000000 1.000000
7.000000 21.000000 4.000000 1.000000
7.000000 25.000000 5.000000 1.000000
25.000000 97.000000 13.000000 1.000000
5.000000 123.000000 18.000000 1.000000
21.000000 50.000000 16.000000 1.000000
5.000000 105.000000 18.000000 1.000000
-24.000000 104.000000 15.000000 1.000000
11.000000 50.000000 7.000000 1.000000
28.000000 24.000000 9.000000 1.000000
10.000000 26.000000 8.000000 1.000000
-14.000000 50.000000 16.000000 1.000000
10.000000 20.000000 11.000000 1.000000
27.000000 26.000000 10.000000 1.000000
28.000000 25.000000 13.000000 1.000000
20.000000 88.000000 17.000000 1.000000
6.000000 143.000000 22.000000 1.000000
-2.000000 82.000000 18.000000 1.000000
26.000000 33.000000 13.000000 1.000000
22.000000 35.000000 13.000000 1.000000
12.000000 73.000000 11.000000 1.000000
7.000000 77.000000 4.000000 1.000000
8.000000 144.000000 16.000000 1.000000
21.000000 115.000000 8.000000 1.000000
7.000000 71.000000 8.000000 1.000000
-17.000000 128.000000 16.000000 1.000000
-2.000000 146.000000 16.000000 1.000000
6.000000 52.000000 8.000000 1.000000
6.000000 30.000000 16.000000 1.000000
31.000000 76.000000 4.000000 1.000000
9.000000 77.000000 9.000000 1.000000
-3.000000 52.000000 2.000000 1.000000
-19.000000 164.000000 10.000000 1.000000
8.000000 75.000000 9.000000 1.000000
31.000000 25.000000 5.000000 1.000000
23.000000 29.000000 16.000000 1.000000
-15.000000 56.000000 9.000000 1.000000
28.000000 26.000000 4.000000 1.000000
22.000000 116.000000 17.000000 1.000000
-0.000000 39.000000 16.000000 1.000000
-39.000000 183.000000 17.000000 1.000000
17.000000 118.000000 2.000000 1.000000
12.000000 78.000000 5.000000 1.000000
27.000000 20.000000 4.000000 1.000000
31.000000 26.000000 9.000000 1.000000
9.000000 110.000000 7.000000 1.000000
23.000000 43.000000 6.000000 1.000000
6.000000 51.000000 15.000000 1.000000
28.000000 86.000000 16.000000 1.000000
12.000000 90.000000 17.000000 1.000000
-18.000000 116.000000 16.000000 1.000000
27.000000 73.000000 10.000000 1.000000
9.000000 104.000000 18.000000 1.000000
7.000000 79.000000 10.000000 1.000000
-18.000000 83.000000 10.000000 1.000000
-13.000000 85.000000 17.000000 1.000000
31.000000 19.000000 10.000000 1.000000
9.000000 23.000000 9.000000 1.000000
27.000000 32.000000 16.000000 1.000000
2.000000 132.000000 17.000000 1.000000
27.000000 78.000000 10.000000 1.000000
