22.0 98.0 21.0
19.0 92.0 19.0
19.0 98.0 21.0
19.0 96.0 21.0
21.0 91.0 17.0
19.0 96.0 20.0
21.0 95.0 21.0
21.0 94.0 20.0
21.0 95.0 19.0
16.0 96.0 21.0
19.0 98.0 20.0
13.0 93.0 19.0
22.0 96.0 21.0
19.0 95.0 21.0
24.0 94.0 19.0
27.0 91.0 18.0
26.0 91.0 17.0
22.0 96.0 20.0
13.0 94.0 20.0
17.0 91.0 19.0
24.0 93.0 19.0
23.0 91.0 18.0
13.0 93.0 18.0
15.0 96.0 20.0
17.0 94.0 18.0
17.0 94.0 20.0
28.0 89.0 16.0
23.0 94.0 20.0
21.0 94.0 18.0
17.0 95.0 19.0
11.0 93.0 18.0
27.0 93.0 18.0
19.0 98.0 22.0
14.0 94.0 19.0
15.0 98.0 21.0
27.0 89.0 17.0
24.0 93.0 18.0
10.0 91.0 17.0
14.0 91.0 17.0
19.0 92.0 17.0
23.0 89.0 16.0
30.0 87.0 15.0
21.0 89.0 18.0
12.0 91.0 18.0
19.0 87.0 14.0
19.0 85.0 16.0
24.0 84.0 16.0
24.0 84.0 15.0
16.0 89.0 16.0
16.0 87.0 17.0
11.0 89.0 16.0
21.0 87.0 17.0
16.0 87.0 15.0
21.0 87.0 15.0
19.0 89.0 15.0
29.0 84.0 16.0
19.0 89.0 17.0
30.0 82.0 16.0
11.0 87.0 16.0
16.0 86.0 16.0
19.0 85.0 14.0
10.0 89.0 17.0
11.0 87.0 15.0
29.0 82.0 15.0
14.0 89.0 17.0
22.0 81.0 16.0
29.0 82.0 16.0
8.0 87.0 15.0
22.0 81.0 14.0
19.0 87.0 16.0
29.0 84.0 15.0
26.0 87.0 16.0
31.0 79.0 15.0
21.0 86.0 14.0
16.0 84.0 14.0
32.0 80.0 9.0
32.0 79.0 15.0
32.0 80.0 8.0
16.0 81.0 14.0
30.0 80.0 8.0
28.0 75.0 3.0
31.0 80.0 10.0
31.0 79.0 16.0
16.0 77.0 17.0
28.0 79.0 15.0
30.0 80.0 6.0
28.0 79.0 11.0
31.0 80.0 6.0
30.0 79.0 11.0
8.0 84.0 16.0
32.0 79.0 10.0
31.0 80.0 8.0
32.0 80.0 7.0
31.0 78.0 10.0
8.0 82.0 15.0
29.0 80.0 10.0
32.0 79.0 7.0
32.0 79.0 6.0
30.0 80.0 5.0
32.0 78.0 11.0
32.0 79.0 8.0
31.0 77.0 10.0
30.0 80.0 7.0
19.0 80.0 17.0
32.0 79.0 5.0
28.0 80.0 10.0
28.0 79.0 16.0
28.0 80.0 5.0
30.0 80.0 10.0
30.0 80.0 9.0
32.0 78.0 12.0
31.0 82.0 15.0
28.0 80.0 9.0
26.0 87.0 15.0
28.0 80.0 7.0
27.0 80.0 10.0
32.0 79.0 9.0
32.0 77.0 5.0
26.0 80.0 7.0
32.0 78.0 4.0
26.0 78.0 10.0
27.0 80.0 5.0
31.0 78.0 9.0
28.0 80.0 8.0
26.0 80.0 6.0
26.0 80.0 8.0
26.0 79.0 11.0
29.0 75.0 3.0
31.0 78.0 11.0
28.0 80.0 6.0
26.0 79.0 9.0
26.0 78.0 6.0
29.0 79.0 11.0
31.0 79.0 10.0
26.0 79.0 6.0
32.0 77.0 4.0
30.0 78.0 12.0
31.0 79.0 11.0
27.0 80.0 7.0
31.0 78.0 4.0
27.0 80.0 6.0
31.0 78.0 8.0
29.0 79.0 4.0
32.0 77.0 12.0
27.0 73.0 3.0
26.0 78.0 9.0
31.0 78.0 6.0
13.0 84.0 16.0
31.0 79.0 5.0
9.0 82.0 16.0
32.0 76.0 16.0
19.0 80.0 14.0
27.0 77.0 6.0
27.0 79.0 11.0
28.0 77.0 12.0
8.0 84.0 15.0
32.0 76.0 15.0
26.0 80.0 9.0
9.0 79.0 15.0
13.0 84.0 15.0
6.0 82.0 16.0
28.0 78.0 12.0
28.0 77.0 3.0
27.0 80.0 9.0
30.0 77.0 3.0
29.0 76.0 15.0
32.0 78.0 10.0
27.0 79.0 4.0
31.0 79.0 4.0
30.0 77.0 12.0
31.0 77.0 8.0
32.0 78.0 5.0
26.0 79.0 7.0
31.0 77.0 3.0
27.0 78.0 12.0
22.0 84.0 16.0
31.0 76.0 9.0
27.0 80.0 8.0
32.0 76.0 12.0
26.0 77.0 4.0
30.0 76.0 9.0
26.0 78.0 5.0
31.0 77.0 6.0
32.0 75.0 12.0
31.0 77.0 5.0
28.0 76.0 13.0
26.0 77.0 10.0
32.0 77.0 3.0
30.0 77.0 8.0
28.0 78.0 3.0
26.0 78.0 11.0
30.0 78.0 3.0
26.0 78.0 7.0
26.0 79.0 10.0
31.0 75.0 11.0
30.0 76.0 13.0
31.0 77.0 12.0
32.0 73.0 16.0
26.0 80.0 10.0
28.0 76.0 3.0
32.0 74.0 12.0
31.0 77.0 7.0
26.0 79.0 4.0
27.0 78.0 8.0
29.0 76.0 9.0
32.0 76.0 4.0
26.0 78.0 8.0
26.0 76.0 11.0
28.0 79.0 5.0
31.0 76.0 11.0
27.0 78.0 4.0
28.0 78.0 4.0
26.0 77.0 3.0
31.0 76.0 6.0
31.0 75.0 12.0
26.0 79.0 5.0
29.0 75.0 8.0
29.0 77.0 8.0
31.0 75.0 13.0
26.0 77.0 12.0
31.0 74.0 3.0
27.0 77.0 9.0
31.0 76.0 10.0
29.0 75.0 13.0
26.0 78.0 12.0
30.0 76.0 7.0
30.0 78.0 4.0
27.0 75.0 8.0
27.0 76.0 7.0
32.0 75.0 11.0
27.0 77.0 12.0
16.0 77.0 14.0
29.0 76.0 8.0
29.0 80.0 6.0
28.0 75.0 13.0
8.0 81.0 8.0
32.0 76.0 11.0
32.0 75.0 3.0
31.0 77.0 9.0
27.0 77.0 3.0
31.0 75.0 9.0
30.0 75.0 3.0
31.0 76.0 3.0
27.0 75.0 10.0
26.0 76.0 12.0
31.0 75.0 10.0
31.0 72.0 15.0
30.0 75.0 13.0
26.0 77.0 5.0
30.0 74.0 7.0
26.0 78.0 4.0
11.0 80.0 10.0
26.0 78.0 3.0
31.0 73.0 7.0
31.0 76.0 16.0
20.0 76.0 14.0
31.0 74.0 9.0
27.0 76.0 10.0
11.0 80.0 9.0
9.0 80.0 8.0
27.0 76.0 12.0
30.0 74.0 3.0
30.0 75.0 9.0
26.0 76.0 8.0
11.0 79.0 8.0
8.0 80.0 9.0
11.0 80.0 7.0
29.0 77.0 12.0
9.0 79.0 16.0
26.0 77.0 11.0
10.0 80.0 7.0
27.0 77.0 8.0
29.0 77.0 3.0
11.0 78.0 8.0
8.0 80.0 10.0
31.0 74.0 6.0
11.0 80.0 6.0
27.0 75.0 7.0
31.0 76.0 5.0
7.0 80.0 10.0
11.0 80.0 8.0
6.0 79.0 15.0
8.0 80.0 6.0
7.0 80.0 6.0
6.0 80.0 7.0
27.0 76.0 6.0
30.0 74.0 8.0
10.0 80.0 6.0
6.0 80.0 9.0
30.0 76.0 3.0
6.0 79.0 16.0
26.0 76.0 10.0
9.0 79.0 5.0
27.0 75.0 13.0
30.0 74.0 12.0
30.0 75.0 8.0
10.0 80.0 5.0
6.0 79.0 10.0
27.0 75.0 9.0
32.0 75.0 4.0
8.0 80.0 5.0
6.0 79.0 11.0
9.0 82.0 15.0
31.0 74.0 8.0
6.0 80.0 8.0
11.0 80.0 5.0
7.0 75.0 6.0
11.0 79.0 6.0
31.0 75.0 6.0
9.0 80.0 10.0
6.0 79.0 7.0
11.0 79.0 11.0
26.0 76.0 5.0
22.0 77.0 8.0
30.0 79.0 5.0
22.0 77.0 17.0
25.0 73.0 16.0
31.0 73.0 6.0
6.0 80.0 6.0
27.0 75.0 3.0
11.0 78.0 10.0
30.0 75.0 6.0
11.0 78.0 12.0
26.0 76.0 3.0
31.0 73.0 9.0
26.0 75.0 11.0
22.0 76.0 7.0
31.0 75.0 3.0
26.0 75.0 12.0
10.0 80.0 8.0
31.0 74.0 10.0
27.0 77.0 7.0
28.0 71.0 10.0
8.0 79.0 11.0
11.0 79.0 9.0
31.0 75.0 5.0
29.0 74.0 8.0
27.0 76.0 8.0
31.0 78.0 7.0
10.0 80.0 9.0
27.0 74.0 12.0
27.0 76.0 9.0
9.0 80.0 6.0
6.0 78.0 10.0
27.0 74.0 7.0
25.0 71.0 14.0
11.0 79.0 5.0
32.0 74.0 4.0
22.0 77.0 14.0
29.0 76.0 6.0
27.0 73.0 8.0
32.0 73.0 5.0
10.0 78.0 4.0
7.0 80.0 8.0
29.0 71.0 10.0
16.0 81.0 16.0
31.0 73.0 8.0
30.0 72.0 16.0
32.0 73.0 4.0
26.0 74.0 3.0
6.0 80.0 10.0
11.0 78.0 5.0
30.0 74.0 9.0
19.0 77.0 8.0
11.0 77.0 12.0
26.0 73.0 12.0
8.0 80.0 7.0
22.0 76.0 9.0
33.0 73.0 15.0
19.0 76.0 8.0
31.0 74.0 7.0
32.0 72.0 11.0
11.0 77.0 10.0
10.0 80.0 10.0
26.0 76.0 4.0
31.0 74.0 5.0
10.0 78.0 12.0
8.0 73.0 3.0
26.0 74.0 4.0
18.0 77.0 8.0
7.0 79.0 5.0
27.0 74.0 8.0
28.0 73.0 12.0
6.0 79.0 5.0
26.0 75.0 5.0
9.0 78.0 12.0
22.0 75.0 8.0
30.0 71.0 10.0
31.0 72.0 4.0
11.0 79.0 10.0
27.0 74.0 10.0
19.0 77.0 7.0
6.0 77.0 5.0
29.0 72.0 4.0
27.0 74.0 6.0
27.0 72.0 12.0
6.0 78.0 4.0
8.0 77.0 12.0
31.0 71.0 9.0
26.0 73.0 11.0
12.0 76.0 7.0
31.0 73.0 10.0
6.0 77.0 12.0
27.0 75.0 6.0
11.0 79.0 7.0
29.0 81.0 8.0
32.0 71.0 10.0
7.0 78.0 12.0
31.0 71.0 6.0
26.0 74.0 12.0
12.0 75.0 8.0
25.0 75.0 7.0
26.0 73.0 9.0
32.0 72.0 6.0
6.0 76.0 12.0
27.0 75.0 5.0
12.0 75.0 7.0
31.0 73.0 4.0
22.0 75.0 9.0
16.0 77.0 7.0
31.0 71.0 5.0
11.0 77.0 4.0
27.0 71.0 10.0
11.0 79.0 4.0
6.0 79.0 9.0
19.0 76.0 7.0
11.0 78.0 3.0
32.0 73.0 11.0
31.0 72.0 8.0
28.0 72.0 12.0
19.0 76.0 9.0
6.0 78.0 9.0
10.0 79.0 4.0
10.0 79.0 11.0
22.0 75.0 7.0
18.0 76.0 8.0
6.0 78.0 8.0
30.0 73.0 3.0
26.0 74.0 5.0
8.0 79.0 4.0
22.0 74.0 7.0
10.0 77.0 12.0
7.0 77.0 6.0
26.0 75.0 3.0
30.0 71.0 9.0
18.0 77.0 7.0
8.0 78.0 4.0
31.0 73.0 3.0
26.0 75.0 4.0
25.0 76.0 7.0
6.0 79.0 4.0
6.0 78.0 12.0
11.0 78.0 11.0
28.0 74.0 12.0
18.0 76.0 7.0
32.0 71.0 9.0
30.0 71.0 11.0
6.0 77.0 4.0
6.0 76.0 3.0
26.0 74.0 10.0
6.0 78.0 11.0
6.0 77.0 6.0
11.0 77.0 9.0
30.0 70.0 8.0
26.0 72.0 10.0
29.0 73.0 3.0
9.0 77.0 12.0
25.0 75.0 8.0
11.0 77.0 8.0
29.0 73.0 12.0
10.0 77.0 9.0
7.0 77.0 12.0
27.0 73.0 7.0
27.0 73.0 9.0
32.0 72.0 10.0
32.0 72.0 5.0
28.0 72.0 4.0
10.0 75.0 7.0
10.0 77.0 3.0
10.0 76.0 9.0
10.0 77.0 7.0
19.0 76.0 10.0
26.0 72.0 11.0
6.0 77.0 11.0
31.0 72.0 11.0
16.0 76.0 7.0
15.0 76.0 8.0
10.0 76.0 6.0
11.0 77.0 3.0
9.0 76.0 8.0
6.0 76.0 16.0
28.0 74.0 3.0
19.0 75.0 9.0
11.0 77.0 5.0
16.0 75.0 7.0
7.0 76.0 9.0
30.0 72.0 12.0
7.0 76.0 7.0
11.0 78.0 4.0
27.0 73.0 12.0
32.0 72.0 7.0
5.0 73.0 15.0
7.0 76.0 8.0
10.0 76.0 13.0
7.0 76.0 6.0
29.0 69.0 14.0
32.0 72.0 9.0
28.0 73.0 3.0
11.0 76.0 11.0
26.0 73.0 6.0
9.0 78.0 3.0
31.0 71.0 7.0
27.0 74.0 9.0
26.0 72.0 4.0
6.0 78.0 7.0
30.0 71.0 6.0
7.0 72.0 16.0
31.0 71.0 10.0
26.0 72.0 6.0
11.0 75.0 12.0
7.0 77.0 9.0
29.0 69.0 16.0
8.0 76.0 13.0
19.0 75.0 10.0
6.0 77.0 3.0
6.0 79.0 6.0
11.0 75.0 11.0
6.0 78.0 5.0
11.0 78.0 9.0
30.0 72.0 4.0
30.0 73.0 12.0
26.0 73.0 10.0
6.0 78.0 6.0
30.0 71.0 5.0
10.0 75.0 13.0
6.0 76.0 4.0
11.0 78.0 6.0
32.0 71.0 6.0
27.0 72.0 11.0
9.0 75.0 8.0
8.0 78.0 12.0
31.0 73.0 12.0
10.0 76.0 8.0
26.0 71.0 5.0
10.0 75.0 9.0
6.0 76.0 10.0
9.0 76.0 6.0
15.0 76.0 9.0
15.0 75.0 9.0
26.0 73.0 5.0
28.0 71.0 11.0
11.0 77.0 7.0
7.0 75.0 10.0
29.0 70.0 8.0
26.0 72.0 8.0
11.0 76.0 5.0
9.0 77.0 8.0
31.0 70.0 8.0
11.0 75.0 3.0
11.0 76.0 6.0
6.0 75.0 10.0
26.0 71.0 8.0
6.0 77.0 10.0
27.0 70.0 8.0
11.0 74.0 4.0
18.0 74.0 7.0
27.0 72.0 5.0
11.0 76.0 10.0
10.0 75.0 6.0
10.0 76.0 10.0
6.0 77.0 9.0
18.0 74.0 8.0
26.0 71.0 6.0
27.0 72.0 4.0
8.0 72.0 12.0
7.0 77.0 7.0
29.0 72.0 11.0
11.0 75.0 10.0
8.0 75.0 3.0
19.0 74.0 7.0
22.0 72.0 14.0
29.0 71.0 6.0
32.0 69.0 15.0
7.0 77.0 8.0
32.0 71.0 8.0
32.0 69.0 16.0
8.0 74.0 12.0
28.0 71.0 6.0
19.0 74.0 8.0
27.0 71.0 6.0
11.0 74.0 10.0
8.0 72.0 11.0
9.0 76.0 3.0
28.0 70.0 8.0
16.0 72.0 17.0
7.0 78.0 3.0
15.0 74.0 8.0
8.0 75.0 13.0
6.0 76.0 5.0
7.0 76.0 3.0
12.0 76.0 8.0
26.0 71.0 10.0
30.0 70.0 7.0
10.0 77.0 8.0
9.0 75.0 13.0
28.0 71.0 5.0
26.0 71.0 7.0
34.0 70.0 15.0
10.0 75.0 8.0
7.0 75.0 9.0
28.0 71.0 9.0
11.0 77.0 6.0
6.0 76.0 11.0
11.0 75.0 5.0
9.0 76.0 9.0
26.0 71.0 9.0
11.0 78.0 7.0
11.0 76.0 4.0
10.0 76.0 7.0
6.0 75.0 11.0
7.0 76.0 10.0
11.0 74.0 5.0
26.0 73.0 4.0
28.0 70.0 7.0
26.0 72.0 5.0
19.0 72.0 14.0
11.0 74.0 12.0
8.0 76.0 16.0
10.0 75.0 3.0
26.0 72.0 7.0
22.0 68.0 17.0
11.0 72.0 10.0
5.0 79.0 15.0
8.0 77.0 3.0
11.0 76.0 12.0
27.0 71.0 8.0
6.0 75.0 5.0
7.0 75.0 13.0
11.0 74.0 9.0
6.0 74.0 5.0
6.0 74.0 3.0
15.0 68.0 14.0
11.0 73.0 8.0
6.0 74.0 12.0
10.0 74.0 8.0
11.0 74.0 6.0
11.0 73.0 9.0
11.0 76.0 3.0
11.0 72.0 8.0
11.0 75.0 4.0
11.0 73.0 4.0
6.0 73.0 10.0
5.0 76.0 15.0
7.0 74.0 9.0
11.0 74.0 3.0
11.0 73.0 12.0
6.0 72.0 11.0
7.0 74.0 8.0
4.0 70.0 15.0
7.0 73.0 8.0
10.0 73.0 12.0
10.0 74.0 12.0
33.0 65.0 16.0
10.0 73.0 3.0
6.0 73.0 7.0
9.0 73.0 12.0
7.0 74.0 7.0
34.0 61.0 15.0
6.0 75.0 12.0
6.0 73.0 4.0
6.0 75.0 4.0
9.0 74.0 8.0
7.0 74.0 3.0
6.0 73.0 12.0
6.0 73.0 3.0
10.0 74.0 7.0
6.0 74.0 10.0
32.0 60.0 15.0
11.0 73.0 7.0
10.0 74.0 9.0
8.0 72.0 15.0
6.0 72.0 10.0
11.0 71.0 5.0
11.0 72.0 4.0
12.0 73.0 14.0
7.0 76.0 15.0
10.0 72.0 4.0
7.0 73.0 12.0
11.0 73.0 5.0
6.0 73.0 9.0
6.0 73.0 8.0
9.0 74.0 3.0
6.0 72.0 7.0
11.0 72.0 11.0
6.0 73.0 6.0
10.0 72.0 12.0
7.0 74.0 6.0
10.0 72.0 11.0
11.0 73.0 11.0
7.0 75.0 8.0
6.0 74.0 6.0
19.0 64.0 14.0
6.0 75.0 13.0
6.0 73.0 5.0
11.0 72.0 9.0
6.0 74.0 4.0
6.0 75.0 3.0
8.0 73.0 12.0
10.0 73.0 8.0
10.0 71.0 6.0
11.0 71.0 7.0
6.0 74.0 9.0
11.0 72.0 7.0
9.0 72.0 4.0
6.0 73.0 11.0
10.0 74.0 6.0
6.0 72.0 8.0
11.0 73.0 3.0
7.0 73.0 7.0
8.0 72.0 4.0
10.0 71.0 10.0
6.0 71.0 5.0
8.0 71.0 5.0
10.0 70.0 8.0
9.0 71.0 11.0
11.0 71.0 8.0
7.0 72.0 4.0
11.0 71.0 10.0
9.0 70.0 7.0
11.0 72.0 5.0
6.0 71.0 8.0
7.0 71.0 11.0
10.0 71.0 5.0
31.0 53.0 14.0
11.0 73.0 6.0
6.0 71.0 7.0
11.0 71.0 6.0
7.0 70.0 7.0
11.0 72.0 6.0
8.0 70.0 8.0
8.0 71.0 6.0
6.0 72.0 5.0
5.0 69.0 16.0
6.0 71.0 10.0
6.0 72.0 4.0
8.0 71.0 10.0
7.0 71.0 5.0
6.0 71.0 6.0
31.0 60.0 16.0
9.0 71.0 5.0
8.0 69.0 16.0
33.0 57.0 16.0
9.0 71.0 9.0
19.0 72.0 17.0
5.0 69.0 15.0
11.0 71.0 9.0
6.0 70.0 8.0
13.0 62.0 17.0
5.0 73.0 16.0
7.0 71.0 9.0
6.0 71.0 9.0
30.0 55.0 17.0
32.0 65.0 16.0
33.0 65.0 15.0
12.0 71.0 17.0
19.0 64.0 17.0
33.0 57.0 15.0
28.0 59.0 14.0
33.0 61.0 16.0
34.0 57.0 15.0
4.0 65.0 16.0
8.0 55.0 17.0
4.0 61.0 15.0
24.0 57.0 17.0
7.0 60.0 14.0
34.0 54.0 16.0
13.0 57.0 14.0
12.0 63.0 14.0
34.0 52.0 15.0
30.0 64.0 14.0
33.0 49.0 16.0
24.0 62.0 14.0
26.0 63.0 17.0
33.0 49.0 15.0
35.0 49.0 15.0
4.0 57.0 16.0
28.0 43.0 14.0
4.0 57.0 15.0
4.0 65.0 15.0
8.0 55.0 14.0
31.0 51.0 16.0
34.0 54.0 15.0
7.0 64.0 16.0
32.0 54.0 16.0
28.0 52.0 17.0
21.0 55.0 17.0
34.0 51.0 16.0
26.0 51.0 14.0
32.0 51.0 15.0
21.0 48.0 14.0
28.0 49.0 14.0
13.0 53.0 17.0
15.0 49.0 14.0
34.0 46.0 16.0
3.0 57.0 15.0
23.0 47.0 14.0
34.0 43.0 16.0
30.0 48.0 17.0
4.0 61.0 16.0
6.0 60.0 16.0
25.0 53.0 17.0
28.0 45.0 17.0
32.0 43.0 15.0
30.0 48.0 14.0
8.0 69.0 14.0
25.0 53.0 14.0
10.0 59.0 17.0
31.0 46.0 14.0
6.0 65.0 15.0
34.0 46.0 15.0
34.0 40.0 15.0
23.0 49.0 17.0
4.0 54.0 16.0
17.0 55.0 14.0
5.0 51.0 16.0
3.0 52.0 16.0
4.0 49.0 15.0
34.0 40.0 16.0
26.0 49.0 17.0
35.0 40.0 15.0
31.0 43.0 17.0
32.0 46.0 16.0
11.0 51.0 17.0
9.0 49.0 17.0
34.0 43.0 15.0
3.0 49.0 15.0
19.0 48.0 17.0
21.0 55.0 14.0
13.0 53.0 14.0
26.0 45.0 14.0
24.0 45.0 17.0
4.0 49.0 16.0
17.0 48.0 17.0
17.0 55.0 17.0
6.0 53.0 16.0
6.0 46.0 17.0
30.0 55.0 14.0
19.0 48.0 14.0
21.0 45.0 17.0
30.0 40.0 17.0
34.0 37.0 16.0
7.0 48.0 14.0
23.0 42.0 14.0
34.0 37.0 15.0
24.0 40.0 17.0
13.0 45.0 17.0
6.0 51.0 14.0
31.0 37.0 14.0
3.0 54.0 15.0
21.0 43.0 14.0
32.0 34.0 15.0
5.0 54.0 15.0
9.0 45.0 14.0
4.0 51.0 15.0
11.0 49.0 14.0
31.0 34.0 17.0
13.0 45.0 14.0
34.0 33.0 16.0
24.0 40.0 14.0
23.0 43.0 17.0
17.0 45.0 14.0
33.0 30.0 15.0
24.0 45.0 14.0
30.0 40.0 14.0
9.0 52.0 14.0
17.0 43.0 17.0
11.0 45.0 17.0
19.0 42.0 17.0
19.0 40.0 17.0
28.0 37.0 17.0
28.0 35.0 14.0
15.0 42.0 17.0
4.0 46.0 16.0
26.0 42.0 17.0
27.0 38.0 14.0
3.0 43.0 15.0
5.0 43.0 16.0
21.0 41.0 17.0
9.0 43.0 17.0
35.0 29.0 15.0
15.0 43.0 14.0
15.0 47.0 17.0
23.0 38.0 17.0
17.0 40.0 17.0
32.0 27.0 16.0
19.0 42.0 14.0
7.0 48.0 17.0
33.0 27.0 15.0
32.0 37.0 16.0
19.0 35.0 17.0
19.0 39.0 17.0
21.0 36.0 14.0
19.0 40.0 14.0
23.0 38.0 14.0
17.0 41.0 14.0
21.0 40.0 14.0
30.0 31.0 17.0
3.0 46.0 15.0
3.0 40.0 15.0
34.0 33.0 15.0
4.0 40.0 16.0
4.0 40.0 15.0
11.0 42.0 14.0
19.0 39.0 14.0
21.0 34.0 17.0
9.0 37.0 14.0
31.0 28.0 14.0
30.0 31.0 14.0
34.0 26.0 16.0
25.0 34.0 14.0
11.0 38.0 17.0
15.0 38.0 17.0
33.0 30.0 16.0
7.0 40.0 17.0
19.0 35.0 14.0
15.0 33.0 14.0
33.0 24.0 16.0
26.0 31.0 14.0
23.0 33.0 17.0
32.0 21.0 15.0
25.0 34.0 17.0
26.0 35.0 17.0
31.0 20.0 16.0
17.0 36.0 17.0
6.0 43.0 14.0
17.0 38.0 14.0
7.0 40.0 14.0
13.0 40.0 14.0
5.0 46.0 15.0
32.0 27.0 9.0
3.0 43.0 16.0
21.0 28.0 14.0
32.0 26.0 7.0
31.0 27.0 6.0
32.0 26.0 10.0
32.0 25.0 12.0
31.0 27.0 10.0
21.0 38.0 17.0
30.0 25.0 16.0
31.0 24.0 10.0
31.0 25.0 11.0
32.0 26.0 6.0
31.0 25.0 9.0
31.0 27.0 8.0
24.0 27.0 14.0
26.0 28.0 17.0
32.0 26.0 8.0
32.0 25.0 10.0
30.0 23.0 9.0
31.0 26.0 10.0
30.0 27.0 7.0
30.0 27.0 10.0
30.0 27.0 8.0
32.0 26.0 5.0
33.0 20.0 15.0
32.0 19.0 15.0
29.0 27.0 10.0
24.0 27.0 17.0
32.0 25.0 11.0
32.0 23.0 12.0
28.0 27.0 9.0
6.0 37.0 17.0
32.0 27.0 7.0
32.0 18.0 16.0
31.0 26.0 11.0
31.0 21.0 10.0
32.0 27.0 8.0
32.0 25.0 5.0
32.0 22.0 12.0
28.0 26.0 11.0
31.0 20.0 9.0
32.0 26.0 9.0
31.0 26.0 4.0
32.0 24.0 3.0
30.0 26.0 5.0
23.0 15.0 17.0
30.0 27.0 5.0
30.0 27.0 6.0
32.0 23.0 11.0
31.0 25.0 8.0
8.0 23.0 17.0
15.0 32.0 17.0
29.0 26.0 11.0
31.0 25.0 10.0
31.0 25.0 7.0
28.0 27.0 8.0
6.0 34.0 14.0
31.0 22.0 12.0
32.0 23.0 4.0
31.0 24.0 8.0
30.0 24.0 12.0
3.0 33.0 15.0
31.0 24.0 6.0
31.0 22.0 13.0
32.0 25.0 4.0
33.0 24.0 15.0
29.0 27.0 8.0
31.0 21.0 11.0
32.0 25.0 15.0
31.0 24.0 3.0
31.0 22.0 10.0
29.0 26.0 4.0
32.0 21.0 16.0
5.0 37.0 15.0
31.0 25.0 4.0
30.0 24.0 8.0
29.0 27.0 6.0
28.0 23.0 13.0
11.0 20.0 14.0
30.0 27.0 9.0
22.0 26.0 17.0
32.0 21.0 12.0
15.0 38.0 14.0
31.0 23.0 11.0
30.0 23.0 7.0
30.0 26.0 11.0
28.0 27.0 10.0
31.0 23.0 6.0
31.0 24.0 12.0
31.0 24.0 5.0
30.0 23.0 13.0
28.0 27.0 7.0
31.0 23.0 5.0
29.0 22.0 13.0
27.0 27.0 10.0
30.0 22.0 13.0
28.0 25.0 12.0
27.0 27.0 6.0
32.0 24.0 4.0
31.0 20.0 10.0
31.0 23.0 10.0
12.0 34.0 14.0
30.0 25.0 4.0
31.0 24.0 9.0
26.0 25.0 10.0
28.0 26.0 5.0
17.0 34.0 14.0
28.0 24.0 3.0
28.0 27.0 5.0
26.0 26.0 9.0
31.0 25.0 6.0
32.0 22.0 11.0
27.0 27.0 8.0
32.0 22.0 3.0
32.0 24.0 5.0
32.0 24.0 12.0
11.0 35.0 14.0
26.0 27.0 7.0
32.0 19.0 11.0
31.0 20.0 12.0
26.0 26.0 11.0
32.0 16.0 15.0
28.0 22.0 13.0
32.0 20.0 11.0
23.0 32.0 14.0
30.0 21.0 3.0
27.0 25.0 12.0
12.0 34.0 17.0
29.0 24.0 12.0
28.0 27.0 6.0
26.0 27.0 10.0
31.0 26.0 5.0
30.0 18.0 10.0
30.0 24.0 3.0
28.0 20.0 12.0
31.0 21.0 9.0
31.0 17.0 8.0
28.0 24.0 12.0
31.0 22.0 3.0
31.0 22.0 6.0
31.0 24.0 7.0
26.0 25.0 9.0
30.0 15.0 15.0
31.0 21.0 5.0
26.0 27.0 6.0
30.0 21.0 8.0
31.0 18.0 9.0
29.0 22.0 8.0
30.0 25.0 12.0
26.0 27.0 8.0
30.0 20.0 3.0
27.0 26.0 11.0
31.0 21.0 7.0
31.0 22.0 5.0
26.0 24.0 11.0
28.0 29.0 17.0
32.0 18.0 9.0
30.0 22.0 9.0
26.0 25.0 12.0
30.0 20.0 12.0
30.0 18.0 9.0
31.0 23.0 9.0
26.0 26.0 6.0
30.0 22.0 3.0
30.0 22.0 6.0
30.0 25.0 3.0
27.0 22.0 13.0
3.0 37.0 16.0
32.0 19.0 7.0
26.0 23.0 10.0
26.0 27.0 9.0
32.0 19.0 10.0
32.0 20.0 5.0
30.0 23.0 3.0
28.0 23.0 3.0
31.0 19.0 7.0
30.0 21.0 7.0
27.0 24.0 12.0
32.0 19.0 6.0
27.0 26.0 4.0
28.0 27.0 14.0
29.0 22.0 6.0
28.0 25.0 3.0
27.0 25.0 8.0
31.0 18.0 5.0
32.0 21.0 4.0
31.0 19.0 8.0
32.0 19.0 5.0
29.0 22.0 9.0
28.0 19.0 12.0
31.0 21.0 8.0
26.0 23.0 12.0
27.0 27.0 7.0
27.0 27.0 9.0
31.0 18.0 7.0
26.0 25.0 11.0
32.0 20.0 4.0
30.0 21.0 9.0
29.0 21.0 8.0
7.0 31.0 17.0
26.0 26.0 7.0
27.0 24.0 9.0
32.0 18.0 6.0
31.0 19.0 11.0
28.0 21.0 12.0
31.0 20.0 7.0
29.0 23.0 14.0
26.0 26.0 10.0
31.0 16.0 16.0
29.0 16.0 15.0
26.0 24.0 4.0
27.0 23.0 12.0
11.0 31.0 17.0
31.0 20.0 6.0
26.0 26.0 4.0
31.0 23.0 3.0
29.0 19.0 11.0
27.0 23.0 9.0
28.0 25.0 4.0
26.0 25.0 5.0
32.0 19.0 9.0
24.0 18.0 17.0
26.0 25.0 6.0
17.0 28.0 17.0
31.0 19.0 4.0
30.0 19.0 4.0
26.0 22.0 11.0
27.0 24.0 8.0
7.0 31.0 14.0
26.0 23.0 11.0
26.0 25.0 8.0
31.0 14.0 15.0
31.0 21.0 3.0
26.0 24.0 10.0
30.0 22.0 8.0
30.0 21.0 12.0
27.0 24.0 6.0
27.0 22.0 8.0
31.0 21.0 6.0
25.0 23.0 7.0
29.0 18.0 14.0
31.0 20.0 8.0
30.0 18.0 11.0
27.0 25.0 4.0
26.0 24.0 12.0
31.0 18.0 10.0
29.0 20.0 12.0
3.0 37.0 15.0
26.0 23.0 8.0
27.0 24.0 3.0
28.0 16.0 16.0
31.0 18.0 6.0
26.0 25.0 3.0
29.0 24.0 3.0
27.0 21.0 12.0
28.0 22.0 3.0
27.0 22.0 10.0
26.0 26.0 5.0
26.0 16.0 14.0
31.0 20.0 3.0
27.0 22.0 9.0
26.0 22.0 12.0
32.0 18.0 10.0
29.0 23.0 8.0
27.0 21.0 6.0
29.0 13.0 15.0
3.0 33.0 16.0
30.0 12.0 16.0
27.0 23.0 6.0
27.0 24.0 7.0
30.0 19.0 12.0
25.0 22.0 14.0
27.0 27.0 5.0
32.0 18.0 8.0
26.0 24.0 3.0
27.0 22.0 7.0
26.0 20.0 11.0
27.0 21.0 8.0
27.0 23.0 8.0
26.0 24.0 5.0
16.0 26.0 14.0
28.0 18.0 11.0
27.0 23.0 7.0
26.0 21.0 12.0
26.0 25.0 4.0
30.0 18.0 6.0
28.0 17.0 8.0
27.0 21.0 10.0
29.0 20.0 3.0
28.0 18.0 6.0
25.0 22.0 7.0
29.0 17.0 8.0
27.0 22.0 5.0
27.0 20.0 12.0
28.0 12.0 16.0
26.0 19.0 4.0
26.0 19.0 11.0
27.0 20.0 9.0
26.0 23.0 4.0
29.0 18.0 10.0
26.0 21.0 4.0
26.0 22.0 3.0
27.0 19.0 12.0
27.0 20.0 8.0
28.0 19.0 4.0
26.0 20.0 9.0
26.0 21.0 3.0
26.0 21.0 11.0
26.0 21.0 10.0
28.0 18.0 10.0
27.0 23.0 10.0
5.0 34.0 16.0
27.0 22.0 6.0
29.0 18.0 6.0
27.0 19.0 11.0
30.0 17.0 7.0
26.0 20.0 4.0
27.0 21.0 7.0
26.0 18.0 10.0
26.0 20.0 17.0
29.0 11.0 15.0
11.0 28.0 14.0
30.0 15.0 16.0
27.0 20.0 7.0
26.0 20.0 10.0
27.0 22.0 3.0
25.0 22.0 8.0
4.0 30.0 16.0
26.0 23.0 5.0
27.0 20.0 3.0
26.0 20.0 12.0
26.0 25.0 7.0
27.0 21.0 9.0
26.0 19.0 10.0
26.0 8.0 16.0
28.0 18.0 5.0
26.0 23.0 3.0
4.0 24.0 15.0
28.0 20.0 3.0
30.0 17.0 8.0
27.0 18.0 10.0
26.0 21.0 5.0
30.0 18.0 5.0
20.0 22.0 14.0
29.0 22.0 3.0
26.0 22.0 4.0
13.0 18.0 14.0
28.0 17.0 7.0
19.0 21.0 14.0
10.0 27.0 17.0
13.0 27.0 14.0
26.0 19.0 8.0
26.0 20.0 6.0
26.0 20.0 3.0
7.0 25.0 14.0
26.0 18.0 6.0
27.0 17.0 8.0
28.0 18.0 9.0
22.0 23.0 9.0
9.0 27.0 10.0
29.0 19.0 4.0
20.0 24.0 17.0
26.0 19.0 5.0
4.0 24.0 16.0
26.0 19.0 7.0
28.0 21.0 3.0
26.0 18.0 9.0
26.0 18.0 8.0
16.0 21.0 17.0
26.0 18.0 7.0
6.0 27.0 15.0
26.0 18.0 5.0
27.0 18.0 8.0
27.0 18.0 6.0
22.0 23.0 7.0
19.0 21.0 17.0
25.0 6.0 15.0
27.0 19.0 4.0
19.0 23.0 9.0
26.0 20.0 5.0
12.0 16.0 17.0
27.0 18.0 5.0
19.0 22.0 10.0
26.0 19.0 6.0
16.0 23.0 7.0
6.0 25.0 16.0
19.0 23.0 8.0
22.0 21.0 14.0
26.0 11.0 16.0
29.0 9.0 15.0
3.0 29.0 15.0
19.0 23.0 10.0
12.0 22.0 17.0
15.0 21.0 8.0
19.0 23.0 7.0
26.0 11.0 14.0
19.0 24.0 8.0
29.0 23.0 17.0
11.0 27.0 10.0
22.0 22.0 9.0
22.0 22.0 8.0
22.0 8.0 15.0
10.0 27.0 9.0
11.0 26.0 10.0
19.0 22.0 9.0
11.0 27.0 9.0
18.0 23.0 8.0
17.0 24.0 14.0
7.0 28.0 16.0
4.0 26.0 15.0
11.0 27.0 8.0
20.0 15.0 17.0
10.0 26.0 11.0
11.0 25.0 12.0
18.0 21.0 7.0
18.0 22.0 8.0
11.0 27.0 6.0
11.0 26.0 9.0
11.0 26.0 11.0
19.0 21.0 8.0
8.0 27.0 10.0
10.0 27.0 7.0
13.0 27.0 17.0
11.0 26.0 7.0
26.0 8.0 15.0
20.0 13.0 14.0
9.0 35.0 17.0
15.0 23.0 8.0
11.0 25.0 10.0
10.0 27.0 8.0
6.0 26.0 9.0
20.0 17.0 14.0
9.0 27.0 8.0
6.0 27.0 10.0
19.0 21.0 7.0
9.0 29.0 14.0
10.0 25.0 12.0
24.0 6.0 16.0
17.0 17.0 14.0
11.0 25.0 11.0
18.0 22.0 7.0
6.0 27.0 8.0
11.0 26.0 6.0
8.0 26.0 11.0
10.0 27.0 6.0
19.0 22.0 8.0
8.0 27.0 6.0
10.0 27.0 5.0
19.0 22.0 7.0
8.0 25.0 12.0
4.0 27.0 16.0
6.0 26.0 10.0
11.0 26.0 8.0
10.0 27.0 10.0
8.0 27.0 8.0
7.0 27.0 6.0
7.0 27.0 8.0
11.0 24.0 12.0
16.0 24.0 7.0
15.0 22.0 9.0
9.0 24.0 12.0
11.0 25.0 7.0
7.0 27.0 10.0
8.0 27.0 9.0
18.0 23.0 7.0
9.0 27.0 6.0
11.0 25.0 9.0
22.0 24.0 8.0
11.0 26.0 5.0
8.0 23.0 13.0
15.0 23.0 9.0
6.0 27.0 7.0
7.0 25.0 12.0
11.0 23.0 10.0
22.0 4.0 15.0
4.0 30.0 15.0
8.0 27.0 5.0
18.0 21.0 8.0
6.0 27.0 6.0
10.0 25.0 4.0
6.0 26.0 11.0
11.0 21.0 6.0
6.0 24.0 12.0
9.0 25.0 12.0
6.0 26.0 7.0
22.0 5.0 16.0
10.0 23.0 13.0
11.0 22.0 11.0
11.0 27.0 7.0
11.0 23.0 12.0
6.0 27.0 9.0
11.0 25.0 5.0
22.0 22.0 7.0
10.0 24.0 12.0
22.0 21.0 7.0
8.0 23.0 14.0
9.0 26.0 5.0
6.0 24.0 10.0
11.0 25.0 6.0
17.0 13.0 14.0
12.0 22.0 7.0
21.0 9.0 16.0
19.0 15.0 17.0
24.0 10.0 16.0
11.0 25.0 3.0
11.0 24.0 11.0
6.0 23.0 11.0
22.0 3.0 15.0
15.0 15.0 14.0
20.0 6.0 15.0
8.0 22.0 13.0
11.0 24.0 4.0
6.0 25.0 11.0
8.0 27.0 7.0
11.0 24.0 8.0
6.0 23.0 12.0
8.0 25.0 4.0
11.0 26.0 4.0
10.0 20.0 12.0
10.0 23.0 10.0
7.0 26.0 5.0
11.0 24.0 10.0
6.0 24.0 5.0
17.0 17.0 17.0
10.0 24.0 7.0
6.0 25.0 9.0
10.0 26.0 4.0
10.0 22.0 7.0
15.0 15.0 17.0
10.0 21.0 6.0
6.0 25.0 4.0
24.0 4.0 15.0
10.0 22.0 13.0
6.0 25.0 10.0
10.0 23.0 6.0
16.0 22.0 7.0
11.0 22.0 10.0
6.0 25.0 6.0
11.0 23.0 11.0
11.0 24.0 7.0
6.0 25.0 7.0
23.0 3.0 15.0
12.0 22.0 8.0
5.0 21.0 16.0
11.0 24.0 5.0
20.0 6.0 16.0
7.0 22.0 13.0
13.0 40.0 17.0
8.0 24.0 3.0
11.0 25.0 4.0
21.0 4.0 16.0
7.0 24.0 12.0
7.0 24.0 8.0
10.0 23.0 9.0
6.0 24.0 11.0
6.0 24.0 9.0
11.0 24.0 3.0
9.0 20.0 12.0
21.0 3.0 16.0
8.0 26.0 4.0
11.0 22.0 12.0
8.0 24.0 12.0
6.0 26.0 5.0
7.0 24.0 9.0
9.0 22.0 8.0
11.0 25.0 8.0
22.0 5.0 15.0
5.0 19.0 16.0
7.0 24.0 7.0
4.0 20.0 15.0
22.0 12.0 14.0
23.0 15.0 14.0
6.0 25.0 12.0
6.0 26.0 4.0
10.0 24.0 8.0
11.0 20.0 12.0
7.0 25.0 3.0
11.0 23.0 3.0
9.0 11.0 16.0
7.0 23.0 10.0
11.0 23.0 6.0
6.0 24.0 4.0
11.0 24.0 9.0
19.0 3.0 16.0
11.0 23.0 5.0
7.0 23.0 8.0
5.0 21.0 15.0
10.0 22.0 9.0
11.0 23.0 4.0
9.0 21.0 8.0
20.0 3.0 15.0
9.0 22.0 13.0
10.0 22.0 6.0
6.0 21.0 10.0
6.0 22.0 12.0
9.0 22.0 6.0
7.0 24.0 6.0
23.0 4.0 16.0
6.0 22.0 11.0
9.0 25.0 3.0
17.0 13.0 17.0
9.0 23.0 3.0
8.0 21.0 12.0
9.0 23.0 8.0
6.0 24.0 6.0
19.0 15.0 14.0
10.0 22.0 8.0
8.0 18.0 16.0
10.0 21.0 12.0
11.0 21.0 9.0
8.0 19.0 12.0
11.0 20.0 11.0
7.0 23.0 7.0
7.0 18.0 11.0
6.0 23.0 10.0
6.0 26.0 6.0
19.0 4.0 16.0
6.0 21.0 9.0
11.0 24.0 6.0
21.0 3.0 15.0
11.0 22.0 5.0
10.0 21.0 9.0
6.0 25.0 5.0
6.0 25.0 8.0
19.0 3.0 15.0
9.0 12.0 15.0
10.0 19.0 12.0
10.0 21.0 8.0
6.0 21.0 11.0
6.0 24.0 3.0
11.0 19.0 11.0
15.0 12.0 16.0
7.0 22.0 9.0
10.0 23.0 7.0
10.0 24.0 3.0
18.0 6.0 15.0
11.0 21.0 4.0
7.0 21.0 9.0
6.0 23.0 5.0
6.0 20.0 12.0
11.0 21.0 12.0
10.0 23.0 8.0
11.0 18.0 10.0
11.0 20.0 8.0
19.0 4.0 15.0
8.0 22.0 3.0
12.0 23.0 8.0
6.0 20.0 10.0
7.0 22.0 8.0
18.0 3.0 15.0
6.0 19.0 11.0
11.0 22.0 3.0
6.0 22.0 4.0
10.0 20.0 8.0
11.0 20.0 3.0
6.0 23.0 3.0
9.0 22.0 9.0
11.0 19.0 8.0
18.0 6.0 16.0
11.0 19.0 9.0
11.0 20.0 10.0
6.0 22.0 3.0
6.0 19.0 10.0
11.0 20.0 4.0
6.0 22.0 10.0
12.0 23.0 7.0
7.0 15.0 16.0
6.0 22.0 13.0
7.0 23.0 3.0
10.0 20.0 3.0
7.0 23.0 9.0
11.0 20.0 7.0
6.0 22.0 5.0
8.0 19.0 11.0
10.0 18.0 10.0
11.0 19.0 7.0
10.0 19.0 11.0
6.0 16.0 15.0
7.0 22.0 10.0
20.0 3.0 16.0
11.0 21.0 10.0
11.0 20.0 6.0
7.0 20.0 12.0
17.0 3.0 16.0
7.0 21.0 8.0
6.0 14.0 15.0
11.0 19.0 6.0
11.0 18.0 8.0
5.0 18.0 15.0
15.0 8.0 16.0
11.0 18.0 9.0
7.0 23.0 6.0
7.0 20.0 8.0
10.0 22.0 3.0
6.0 21.0 12.0
7.0 22.0 6.0
13.0 6.0 15.0
11.0 21.0 5.0
10.0 21.0 7.0
8.0 16.0 16.0
9.0 21.0 3.0
6.0 23.0 4.0
16.0 4.0 16.0
7.0 21.0 6.0
11.0 18.0 11.0
8.0 20.0 3.0
11.0 19.0 10.0
12.0 8.0 16.0
16.0 4.0 15.0
13.0 4.0 15.0
8.0 20.0 12.0
11.0 19.0 4.0
6.0 16.0 16.0
6.0 19.0 8.0
6.0 20.0 7.0
7.0 18.0 5.0
11.0 18.0 7.0
11.0 21.0 3.0
11.0 18.0 5.0
15.0 3.0 15.0
6.0 21.0 5.0
6.0 20.0 9.0
6.0 20.0 5.0
9.0 16.0 15.0
11.0 20.0 5.0
6.0 19.0 9.0
6.0 20.0 11.0
16.0 3.0 16.0
15.0 4.0 16.0
7.0 20.0 15.0
11.0 20.0 9.0
6.0 21.0 4.0
14.0 3.0 15.0
8.0 13.0 16.0
8.0 18.0 10.0
6.0 20.0 3.0
9.0 18.0 9.0
7.0 20.0 7.0
10.0 19.0 4.0
6.0 19.0 7.0
11.0 18.0 6.0
14.0 4.0 15.0
10.0 17.0 8.0
8.0 18.0 5.0
10.0 18.0 5.0
11.0 8.0 15.0
14.0 10.0 15.0
7.0 21.0 7.0
6.0 19.0 4.0
6.0 18.0 8.0
10.0 18.0 6.0
15.0 5.0 15.0
6.0 20.0 6.0
19.0 8.0 14.0
7.0 12.0 15.0
7.0 17.0 7.0
9.0 17.0 7.0
6.0 21.0 3.0
19.0 8.0 16.0
11.0 19.0 5.0
6.0 20.0 8.0
7.0 19.0 4.0
6.0 18.0 7.0
8.0 18.0 6.0
15.0 5.0 16.0
12.0 11.0 16.0
16.0 9.0 14.0
16.0 3.0 15.0
8.0 19.0 4.0
7.0 21.0 3.0
9.0 18.0 5.0
6.0 18.0 9.0
6.0 20.0 4.0
9.0 18.0 11.0
7.0 15.0 15.0
7.0 18.0 9.0
6.0 21.0 6.0
6.0 19.0 5.0
12.0 11.0 14.0
12.0 6.0 16.0
8.0 17.0 8.0
9.0 19.0 4.0
6.0 18.0 10.0
6.0 18.0 6.0
6.0 17.0 8.0
6.0 18.0 5.0
8.0 9.0 15.0
