207.000000 138.000000 33.000000
198.000000 90.000000 30.000000
84.000000 135.000000 90.000000
93.000000 93.000000 48.000000
195.000000 204.000000 30.000000
105.000000 99.000000 108.000000
204.000000 234.000000 27.000000
156.000000 72.000000 30.000000
126.000000 75.000000 54.000000
156.000000 132.000000 111.000000
132.000000 75.000000 99.000000
138.000000 222.000000 105.000000
129.000000 192.000000 129.000000
144.000000 126.000000 129.000000
141.000000 18.000000 30.000000
129.000000 162.000000 132.000000
174.000000 288.000000 15.000000
171.000000 258.000000 27.000000
123.000000 75.000000 66.000000
120.000000 78.000000 105.000000
117.000000 216.000000 120.000000
69.000000 87.000000 27.000000
87.000000 147.000000 93.000000
78.000000 24.000000 30.000000
72.000000 168.000000 42.000000
9.000000 150.000000 30.000000
