198.000000 93.000000 30.000000
117.000000 228.000000 39.000000
135.000000 69.000000 33.000000
114.000000 213.000000 117.000000
84.000000 33.000000 30.000000
177.000000 216.000000 63.000000
111.000000 99.000000 114.000000
153.000000 222.000000 111.000000
195.000000 186.000000 51.000000
150.000000 177.000000 27.000000
186.000000 195.000000 90.000000
84.000000 153.000000 90.000000
150.000000 216.000000 126.000000
174.000000 246.000000 30.000000
72.000000 168.000000 42.000000
201.000000 279.000000 21.000000
159.000000 228.000000 48.000000
21.000000 126.000000 30.000000
150.000000 228.000000 69.000000
234.000000 252.000000 24.000000
105.000000 225.000000 39.000000
57.000000 249.000000 24.000000
