200.000000 91.000000 30.000000
182.000000 98.000000 55.000000
164.000000 74.000000 31.000000
139.000000 68.000000 32.000000
160.000000 132.000000 110.000000
141.000000 82.000000 117.000000
205.000000 198.000000 32.000000
128.000000 76.000000 65.000000
146.000000 127.000000 127.000000
122.000000 78.000000 103.000000
146.000000 157.000000 126.000000
234.000000 246.000000 25.000000
175.000000 207.000000 101.000000
156.000000 181.000000 122.000000
160.000000 226.000000 50.000000
180.000000 249.000000 29.000000
68.000000 144.000000 35.000000
74.000000 169.000000 44.000000
61.000000 247.000000 25.000000
