161.000000 285.000000 15.000000
107.000000 225.000000 41.000000
148.000000 226.000000 71.000000
149.000000 224.000000 93.000000
160.000000 226.000000 50.000000
122.000000 213.000000 120.000000
182.000000 219.000000 34.000000
154.000000 207.000000 124.000000
181.000000 210.000000 60.000000
175.000000 207.000000 101.000000
211.000000 229.000000 27.000000
234.000000 246.000000 25.000000
90.000000 177.000000 92.000000
125.000000 184.000000 123.000000
188.000000 186.000000 88.000000
196.000000 182.000000 53.000000
126.000000 124.000000 125.000000
93.000000 110.000000 92.000000
149.000000 106.000000 125.000000
255.000000 137.000000 22.000000
94.000000 88.000000 31.000000
182.000000 98.000000 55.000000
122.000000 78.000000 103.000000
82.000000 58.000000 27.000000
