198.000000 90.000000 30.000000
75.000000 174.000000 42.000000
117.000000 141.000000 111.000000
132.000000 69.000000 30.000000
111.000000 81.000000 66.000000
156.000000 132.000000 111.000000
144.000000 126.000000 129.000000
162.000000 222.000000 93.000000
198.000000 210.000000 30.000000
123.000000 177.000000 132.000000
90.000000 90.000000 30.000000
129.000000 207.000000 129.000000
183.000000 288.000000 15.000000
228.000000 258.000000 24.000000
150.000000 216.000000 126.000000
159.000000 228.000000 48.000000
117.000000 216.000000 120.000000
105.000000 225.000000 42.000000
57.000000 249.000000 24.000000
