162.000000 282.000000 15.000000
105.000000 225.000000 39.000000
186.000000 108.000000 69.000000
174.000000 144.000000 102.000000
201.000000 120.000000 36.000000
129.000000 162.000000 132.000000
189.000000 207.000000 30.000000
156.000000 195.000000 129.000000
186.000000 204.000000 60.000000
177.000000 204.000000 102.000000
219.000000 219.000000 24.000000
240.000000 243.000000 24.000000
90.000000 141.000000 96.000000
129.000000 153.000000 129.000000
192.000000 177.000000 90.000000
198.000000 180.000000 54.000000
129.000000 108.000000 126.000000
93.000000 105.000000 93.000000
153.000000 90.000000 129.000000
264.000000 120.000000 21.000000
93.000000 87.000000 33.000000
180.000000 96.000000 57.000000
120.000000 78.000000 105.000000
81.000000 45.000000 27.000000
