75.000000 112.000000 33.000000
92.000000 98.000000 54.000000
68.000000 144.000000 35.000000
28.000000 188.000000 28.000000
110.000000 98.000000 112.000000
87.000000 148.000000 91.000000
74.000000 169.000000 44.000000
111.000000 134.000000 107.000000
125.000000 103.000000 125.000000
139.000000 68.000000 32.000000
126.000000 124.000000 125.000000
157.000000 22.000000 31.000000
126.000000 151.000000 124.000000
125.000000 184.000000 123.000000
146.000000 157.000000 126.000000
61.000000 247.000000 25.000000
155.000000 170.000000 27.000000
176.000000 160.000000 101.000000
208.000000 45.000000 28.000000
154.000000 207.000000 124.000000
135.000000 233.000000 36.000000
148.000000 226.000000 71.000000
149.000000 224.000000 93.000000
160.000000 226.000000 50.000000
196.000000 182.000000 53.000000
182.000000 219.000000 34.000000
