75.000000 168.000000 42.000000
96.000000 129.000000 27.000000
168.000000 150.000000 102.000000
180.000000 204.000000 96.000000
87.000000 147.000000 93.000000
78.000000 111.000000 33.000000
132.000000 180.000000 123.000000
114.000000 132.000000 108.000000
123.000000 75.000000 51.000000
159.000000 225.000000 69.000000
135.000000 78.000000 117.000000
168.000000 225.000000 48.000000
132.000000 75.000000 63.000000
189.000000 249.000000 27.000000
234.000000 216.000000 27.000000
177.000000 162.000000 102.000000
159.000000 51.000000 27.000000
198.000000 180.000000 54.000000
165.000000 75.000000 30.000000
210.000000 156.000000 33.000000
162.000000 21.000000 30.000000
