200.000000 91.000000 30.000000
182.000000 98.000000 55.000000
172.000000 102.000000 99.000000
139.000000 68.000000 32.000000
128.000000 76.000000 65.000000
160.000000 132.000000 110.000000
146.000000 127.000000 127.000000
188.000000 186.000000 88.000000
205.000000 198.000000 32.000000
146.000000 157.000000 126.000000
94.000000 88.000000 31.000000
156.000000 181.000000 122.000000
211.000000 229.000000 27.000000
234.000000 246.000000 25.000000
154.000000 207.000000 124.000000
160.000000 226.000000 50.000000
122.000000 213.000000 120.000000
107.000000 225.000000 41.000000
61.000000 247.000000 25.000000
