248.000000 196.000000 23.000000
182.000000 219.000000 34.000000
205.000000 198.000000 32.000000
165.000000 230.000000 34.000000
160.000000 226.000000 50.000000
148.000000 226.000000 71.000000
196.000000 182.000000 53.000000
149.000000 224.000000 93.000000
188.000000 186.000000 88.000000
154.000000 207.000000 124.000000
156.000000 181.000000 122.000000
122.000000 213.000000 120.000000
107.000000 225.000000 41.000000
105.000000 211.000000 91.000000
187.000000 125.000000 85.000000
160.000000 132.000000 110.000000
146.000000 127.000000 127.000000
172.000000 102.000000 99.000000
200.000000 91.000000 30.000000
149.000000 106.000000 125.000000
74.000000 169.000000 44.000000
87.000000 148.000000 91.000000
164.000000 74.000000 31.000000
141.000000 82.000000 117.000000
208.000000 45.000000 28.000000
122.000000 78.000000 103.000000
115.000000 76.000000 34.000000
