161.000000 285.000000 15.000000
122.000000 213.000000 120.000000
148.000000 226.000000 71.000000
160.000000 226.000000 50.000000
74.000000 169.000000 44.000000
125.000000 184.000000 123.000000
181.000000 210.000000 60.000000
87.000000 148.000000 91.000000
68.000000 144.000000 35.000000
146.000000 157.000000 126.000000
234.000000 246.000000 25.000000
93.000000 110.000000 92.000000
126.000000 124.000000 125.000000
125.000000 103.000000 125.000000
105.000000 86.000000 78.000000
182.000000 98.000000 55.000000
139.000000 68.000000 32.000000
157.000000 22.000000 31.000000
