161.000000 285.000000 15.000000
148.000000 226.000000 71.000000
83.000000 200.000000 41.000000
122.000000 213.000000 120.000000
160.000000 226.000000 50.000000
182.000000 219.000000 34.000000
181.000000 210.000000 60.000000
175.000000 207.000000 101.000000
74.000000 169.000000 44.000000
234.000000 246.000000 25.000000
68.000000 144.000000 35.000000
196.000000 182.000000 53.000000
248.000000 196.000000 23.000000
146.000000 127.000000 127.000000
94.000000 88.000000 31.000000
182.000000 98.000000 55.000000
141.000000 82.000000 117.000000
139.000000 68.000000 32.000000
