97.000000 28.000000 31.000000
157.000000 22.000000 31.000000
128.000000 76.000000 65.000000
105.000000 86.000000 78.000000
139.000000 68.000000 32.000000
94.000000 88.000000 31.000000
92.000000 98.000000 54.000000
122.000000 85.000000 121.000000
141.000000 82.000000 117.000000
110.000000 98.000000 112.000000
159.000000 79.000000 58.000000
156.000000 80.000000 95.000000
164.000000 74.000000 31.000000
93.000000 110.000000 92.000000
75.000000 112.000000 33.000000
208.000000 45.000000 28.000000
22.000000 125.000000 29.000000
172.000000 102.000000 99.000000
68.000000 144.000000 35.000000
187.000000 125.000000 85.000000
74.000000 169.000000 44.000000
146.000000 157.000000 126.000000
90.000000 177.000000 92.000000
176.000000 160.000000 101.000000
28.000000 188.000000 28.000000
155.000000 170.000000 27.000000
105.000000 211.000000 91.000000
148.000000 226.000000 71.000000
160.000000 226.000000 50.000000
211.000000 229.000000 27.000000
161.000000 285.000000 15.000000
