161.000000 285.000000 15.000000
160.000000 226.000000 50.000000
149.000000 224.000000 93.000000
181.000000 210.000000 60.000000
107.000000 225.000000 41.000000
154.000000 207.000000 124.000000
122.000000 213.000000 120.000000
188.000000 186.000000 88.000000
196.000000 182.000000 53.000000
156.000000 181.000000 122.000000
176.000000 160.000000 101.000000
90.000000 177.000000 92.000000
146.000000 157.000000 126.000000
126.000000 151.000000 124.000000
28.000000 188.000000 28.000000
160.000000 132.000000 110.000000
146.000000 127.000000 127.000000
197.000000 118.000000 35.000000
126.000000 124.000000 125.000000
172.000000 102.000000 99.000000
149.000000 106.000000 125.000000
182.000000 98.000000 55.000000
110.000000 98.000000 112.000000
122.000000 85.000000 121.000000
94.000000 88.000000 31.000000
122.000000 78.000000 103.000000
139.000000 68.000000 32.000000
