90.000000 228.000000 39.000000
57.000000 255.000000 48.000000
78.000000 216.000000 30.000000
18.000000 228.000000 48.000000
12.000000 162.000000 48.000000
30.000000 267.000000 51.000000
24.000000 54.000000 48.000000
51.000000 51.000000 51.000000
45.000000 24.000000 48.000000
12.000000 210.000000 45.000000
69.000000 45.000000 51.000000
18.000000 180.000000 48.000000
87.000000 54.000000 42.000000
12.000000 147.000000 45.000000
9.000000 111.000000 45.000000
9.000000 87.000000 45.000000
27.000000 36.000000 45.000000
