20.000000 183.000000 46.000000
17.000000 90.000000 46.000000
24.000000 120.000000 46.000000
20.000000 228.000000 38.000000
17.000000 64.000000 47.000000
23.000000 243.000000 46.000000
57.000000 118.000000 46.000000
63.000000 149.000000 47.000000
63.000000 214.000000 47.000000
57.000000 237.000000 46.000000
69.000000 88.000000 48.000000
56.000000 14.000000 46.000000
59.000000 285.000000 59.000000
94.000000 140.000000 46.000000
96.000000 169.000000 46.000000
98.000000 100.000000 47.000000
99.000000 86.000000 45.000000
85.000000 38.000000 46.000000
