84.000000 48.000000 48.000000
90.000000 165.000000 51.000000
87.000000 207.000000 48.000000
24.000000 228.000000 39.000000
87.000000 69.000000 51.000000
102.000000 120.000000 48.000000
90.000000 36.000000 48.000000
93.000000 153.000000 48.000000
96.000000 195.000000 48.000000
102.000000 99.000000 45.000000
42.000000 273.000000 51.000000
87.000000 252.000000 45.000000
90.000000 36.000000 48.000000
96.000000 138.000000 48.000000
102.000000 99.000000 48.000000
99.000000 171.000000 45.000000
66.000000 288.000000 60.000000
