98.000000 100.000000 47.000000
43.000000 68.000000 23.000000
80.500000 67.500000 16.500000
31.000000 238.000000 20.000000
94.000000 73.000000 33.000000
20.000000 238.000000 20.000000
31.500000 218.500000 15.500000
92.000000 236.000000 25.000000
20.000000 218.000000 13.000000
92.000000 66.000000 11.000000
80.000000 221.000000 15.000000
92.500000 81.500000 25.500000
57.000000 44.000000 46.000000
31.000000 221.000000 38.000000
67.000000 186.000000 47.000000
31.000000 57.000000 17.000000
93.000000 57.000000 17.000000
17.000000 64.000000 47.000000
20.000000 228.000000 38.000000
23.000000 243.000000 46.000000
81.000000 79.000000 20.000000
21.000000 216.000000 33.000000
20.000000 77.000000 28.000000
81.500000 55.500000 23.500000
20.000000 68.000000 36.000000
94.000000 140.000000 46.000000
20.000000 62.000000 13.000000
20.000000 76.000000 16.000000
92.000000 229.000000 38.000000
94.000000 116.000000 46.000000
63.000000 149.000000 47.000000
96.000000 75.000000 48.000000
24.000000 120.000000 46.000000
66.500000 67.500000 24.500000
80.500000 68.500000 25.500000
31.000000 79.000000 23.000000
27.000000 38.000000 46.000000
31.000000 59.000000 33.000000
81.000000 79.000000 30.000000
81.500000 73.500000 36.500000
57.500000 261.500000 46.500000
59.000000 285.000000 59.000000
85.000000 38.000000 46.000000
93.000000 63.000000 40.000000
80.500000 61.500000 36.500000
33.500000 215.500000 28.500000
20.000000 230.000000 12.000000
96.000000 169.000000 46.000000
91.500000 216.500000 24.500000
20.000000 212.000000 22.000000
18.000000 212.000000 46.000000
57.000000 237.000000 46.000000
56.500000 67.500000 24.500000
17.000000 90.000000 46.000000
92.000000 227.000000 12.000000
31.500000 227.500000 23.500000
32.500000 72.500000 13.500000
32.500000 233.500000 31.500000
20.500000 224.500000 25.500000
93.000000 76.000000 15.000000
69.000000 88.000000 48.000000
20.000000 57.000000 26.000000
81.500000 74.500000 10.500000
95.500000 207.500000 46.500000
56.000000 14.000000 46.000000
57.000000 118.000000 46.000000
81.000000 236.000000 15.000000
31.500000 231.500000 12.500000
80.000000 61.000000 11.000000
94.500000 75.500000 24.500000
55.500000 227.500000 24.500000
90.500000 65.500000 25.500000
19.000000 152.000000 46.000000
83.000000 258.000000 48.000000
36.000000 269.000000 51.000000
20.000000 183.000000 46.000000
81.000000 218.000000 31.000000
99.000000 86.000000 45.000000
20.000000 236.000000 29.000000
32.500000 74.500000 34.500000
50.000000 73.000000 48.000000
93.000000 56.000000 29.000000
28.500000 67.500000 25.500000
82.000000 98.000000 46.000000
63.000000 214.000000 47.000000
80.000000 234.000000 30.000000
