24.000000 54.000000 48.000000
87.000000 66.000000 39.000000
93.000000 75.000000 33.000000
12.000000 138.000000 48.000000
63.000000 123.000000 51.000000
18.000000 138.000000 51.000000
24.000000 54.000000 48.000000
24.000000 207.000000 48.000000
21.000000 84.000000 48.000000
24.000000 39.000000 48.000000
12.000000 195.000000 48.000000
12.000000 90.000000 45.000000
9.000000 129.000000 45.000000
15.000000 153.000000 48.000000
78.000000 222.000000 15.000000
33.000000 267.000000 48.000000
27.000000 225.000000 39.000000
57.000000 288.000000 60.000000
