700.000000 160.000000 90.000000
480.000000 620.000000 400.000000
360.000000 350.000000 370.000000
470.000000 280.000000 400.000000
610.000000 340.000000 180.000000
490.000000 370.000000 430.000000
410.000000 370.000000 430.000000
630.000000 490.000000 290.000000
590.000000 540.000000 340.000000
280.000000 510.000000 300.000000
650.000000 620.000000 170.000000
70.000000 420.000000 100.000000
400.000000 670.000000 430.000000
850.000000 710.000000 70.000000
280.000000 670.000000 140.000000
550.000000 770.000000 110.000000
350.000000 750.000000 140.000000
