75.000000 417.000000 98.000000
306.000000 326.000000 180.000000
251.000000 375.000000 111.000000
310.000000 368.000000 306.000000
366.000000 328.000000 375.000000
226.000000 479.000000 118.000000
464.000000 225.000000 108.000000
369.000000 448.000000 358.000000
247.000000 564.000000 146.000000
420.000000 412.000000 416.000000
523.000000 73.000000 104.000000
495.000000 353.000000 417.000000
487.000000 524.000000 422.000000
517.000000 566.000000 90.000000
587.000000 535.000000 338.000000
204.000000 824.000000 84.000000
450.000000 777.000000 119.000000
