680.000000 480.000000 100.000000
620.000000 720.000000 110.000000
620.000000 680.000000 200.000000
530.000000 650.000000 430.000000
590.000000 680.000000 340.000000
290.000000 550.000000 310.000000
430.000000 540.000000 440.000000
800.000000 810.000000 80.000000
520.000000 590.000000 420.000000
640.000000 590.000000 300.000000
660.000000 600.000000 180.000000
290.000000 490.000000 310.000000
370.000000 390.000000 370.000000
420.000000 320.000000 420.000000
500.000000 320.000000 430.000000
480.000000 260.000000 390.000000
470.000000 160.000000 100.000000
