110.000000 640.000000 90.000000
240.000000 480.000000 110.000000
660.000000 490.000000 180.000000
260.000000 370.000000 110.000000
250.000000 560.000000 140.000000
360.000000 280.000000 260.000000
280.000000 670.000000 140.000000
450.000000 460.000000 380.000000
420.000000 250.000000 340.000000
220.000000 850.000000 70.000000
400.000000 740.000000 310.000000
430.000000 410.000000 420.000000
470.000000 510.000000 430.000000
490.000000 270.000000 400.000000
450.000000 730.000000 410.000000
500.000000 530.000000 430.000000
460.000000 780.000000 120.000000
510.000000 750.000000 310.000000
540.000000 70.000000 100.000000
800.000000 810.000000 80.000000
