495.000000 746.000000 309.000000
607.000000 730.000000 112.000000
602.000000 701.000000 200.000000
513.000000 690.000000 415.000000
652.000000 607.000000 177.000000
518.000000 603.000000 408.000000
418.000000 613.000000 411.000000
487.000000 524.000000 422.000000
650.000000 497.000000 221.000000
342.000000 495.000000 90.000000
291.000000 494.000000 304.000000
95.000000 626.000000 92.000000
226.000000 479.000000 118.000000
420.000000 412.000000 416.000000
573.000000 341.000000 330.000000
310.000000 368.000000 306.000000
366.000000 328.000000 375.000000
408.000000 282.000000 402.000000
464.000000 225.000000 108.000000
