690.000000 530.000000 110.000000
660.000000 300.000000 100.000000
450.000000 250.000000 160.000000
380.000000 270.000000 370.000000
480.000000 740.000000 360.000000
520.000000 440.000000 370.000000
420.000000 620.000000 440.000000
460.000000 940.000000 50.000000
610.000000 960.000000 50.000000
480.000000 420.000000 430.000000
400.000000 610.000000 420.000000
410.000000 250.000000 220.000000
390.000000 280.000000 400.000000
290.000000 490.000000 310.000000
240.000000 560.000000 140.000000
120.000000 480.000000 100.000000
290.000000 70.000000 100.000000
