310.000000 368.000000 306.000000 1.000000
851.000000 457.000000 75.000000 1.000000
430.000000 249.000000 231.000000 1.000000
550.000000 765.000000 112.000000 1.000000
290.000000 490.000000 311.000000 1.000000
694.000000 530.000000 114.000000 1.000000
520.000000 610.000000 431.000000 1.000000
306.000000 326.000000 180.000000 1.000000
599.000000 829.000000 96.000000 1.000000
323.000000 94.000000 103.000000 1.000000
510.000000 690.000000 431.000000 1.000000
779.000000 821.000000 83.000000 1.000000
652.000000 607.000000 177.000000 1.000000
487.000000 524.000000 422.000000 1.000000
371.000000 330.000000 380.000000 1.000000
656.000000 392.000000 118.000000 1.000000
519.000000 266.000000 317.000000 1.000000
75.000000 417.000000 98.000000 1.000000
591.000000 700.000000 330.000000 1.000000
490.000000 761.000000 251.000000 1.000000
406.000000 259.000000 342.000000 1.000000
263.000000 446.000000 209.000000 1.000000
695.000000 457.000000 114.000000 1.000000
275.000000 666.000000 138.000000 1.000000
361.000000 280.000000 260.000000 1.000000
300.000000 590.000000 321.000000 1.000000
241.000000 480.000000 109.000000 1.000000
500.000000 751.000000 321.000000 1.000000
602.000000 701.000000 200.000000 1.000000
464.000000 225.000000 108.000000 1.000000
450.000000 777.000000 119.000000 1.000000
204.000000 824.000000 84.000000 1.000000
512.000000 736.000000 372.000000 1.000000
490.000000 420.000000 441.000000 1.000000
420.000000 410.000000 441.000000 1.000000
314.000000 294.000000 103.000000 1.000000
350.000000 751.000000 141.000000 1.000000
369.000000 448.000000 358.000000 1.000000
534.000000 754.000000 167.000000 1.000000
342.000000 495.000000 90.000000 1.000000
408.000000 282.000000 402.000000 1.000000
650.000000 497.000000 221.000000 1.000000
520.000000 293.000000 399.000000 1.000000
681.000000 603.000000 113.000000 1.000000
483.000000 860.000000 87.000000 1.000000
517.000000 566.000000 90.000000 1.000000
532.000000 439.000000 365.000000 1.000000
420.000000 510.000000 451.000000 1.000000
260.000000 179.000000 100.000000 1.000000
702.000000 764.000000 90.000000 1.000000
662.000000 897.000000 78.000000 1.000000
156.000000 204.000000 98.000000 1.000000
547.000000 247.000000 103.000000 1.000000
420.000000 620.000000 441.000000 1.000000
251.000000 560.000000 139.000000 1.000000
495.000000 353.000000 417.000000 1.000000
350.000000 710.000000 321.000000 1.000000
410.000000 720.000000 411.000000 1.000000
529.000000 264.000000 192.000000 1.000000
590.000000 540.000000 341.000000 1.000000
695.000000 151.000000 92.000000 1.000000
537.000000 950.000000 51.000000 1.000000
95.000000 626.000000 92.000000 1.000000
472.000000 273.000000 389.000000 1.000000
668.000000 304.000000 99.000000 1.000000
622.000000 416.000000 282.000000 1.000000
379.000000 250.000000 112.000000 1.000000
628.000000 619.000000 293.000000 1.000000
261.000000 370.000000 109.000000 1.000000
607.000000 730.000000 112.000000 1.000000
606.000000 326.000000 182.000000 1.000000
827.000000 652.000000 77.000000 1.000000
637.000000 680.000000 120.000000 1.000000
682.000000 661.000000 106.000000 1.000000
359.000000 916.000000 58.000000 1.000000
420.000000 340.000000 431.000000 1.000000
541.000000 69.000000 100.000000 1.000000
580.000000 340.000000 341.000000 1.000000
