95.000000 626.000000 92.000000
263.000000 446.000000 209.000000
369.000000 448.000000 358.000000
306.000000 326.000000 180.000000
156.000000 204.000000 98.000000
342.000000 495.000000 90.000000
204.000000 824.000000 84.000000
323.000000 94.000000 103.000000
517.000000 566.000000 90.000000
529.000000 264.000000 192.000000
534.000000 754.000000 167.000000
359.000000 916.000000 58.000000
622.000000 416.000000 282.000000
606.000000 326.000000 182.000000
483.000000 860.000000 87.000000
650.000000 497.000000 221.000000
682.000000 661.000000 106.000000
537.000000 950.000000 51.000000
702.000000 764.000000 90.000000
827.000000 652.000000 77.000000
