695.000000 151.000000 92.000000
519.000000 266.000000 317.000000
406.000000 259.000000 342.000000
472.000000 273.000000 389.000000
606.000000 326.000000 182.000000
495.000000 353.000000 417.000000
418.000000 344.000000 416.000000
622.000000 416.000000 282.000000
587.000000 535.000000 338.000000
291.000000 494.000000 304.000000
652.000000 607.000000 177.000000
75.000000 417.000000 98.000000
418.000000 613.000000 411.000000
827.000000 652.000000 77.000000
275.000000 666.000000 138.000000
550.000000 765.000000 112.000000
356.000000 751.000000 137.000000
