400.000000 280.000000 410.000000
610.000000 710.000000 100.000000
640.000000 390.000000 160.000000
510.000000 670.000000 430.000000
660.000000 570.000000 170.000000
510.000000 550.000000 430.000000
400.000000 570.000000 430.000000
480.000000 500.000000 430.000000
650.000000 470.000000 220.000000
330.000000 470.000000 90.000000
290.000000 490.000000 310.000000
70.000000 610.000000 90.000000
180.000000 390.000000 100.000000
410.000000 370.000000 430.000000
570.000000 300.000000 330.000000
310.000000 350.000000 310.000000
360.000000 290.000000 380.000000
410.000000 270.000000 400.000000
460.000000 200.000000 100.000000
