600.000000 580.000000 350.000000
250.000000 560.000000 140.000000
560.000000 330.000000 360.000000
460.000000 780.000000 120.000000
240.000000 460.000000 110.000000
350.000000 280.000000 200.000000
530.000000 740.000000 320.000000
470.000000 460.000000 430.000000
630.000000 830.000000 90.000000
500.000000 510.000000 430.000000
620.000000 720.000000 110.000000
430.000000 410.000000 420.000000
500.000000 400.000000 430.000000
360.000000 280.000000 260.000000
660.000000 600.000000 180.000000
880.000000 600.000000 70.000000
410.000000 270.000000 400.000000
510.000000 170.000000 100.000000
540.000000 40.000000 100.000000
720.000000 130.000000 90.000000
