851.000000 457.000000 75.000000
827.000000 652.000000 77.000000
694.000000 530.000000 114.000000
650.000000 497.000000 221.000000
682.000000 661.000000 106.000000
622.000000 416.000000 282.000000
628.000000 619.000000 293.000000
668.000000 304.000000 99.000000
779.000000 821.000000 83.000000
702.000000 764.000000 90.000000
587.000000 535.000000 338.000000
606.000000 326.000000 182.000000
602.000000 701.000000 200.000000
573.000000 341.000000 330.000000
582.000000 691.000000 336.000000
532.000000 439.000000 365.000000
517.000000 566.000000 90.000000
518.000000 603.000000 408.000000
529.000000 264.000000 192.000000
599.000000 829.000000 96.000000
487.000000 524.000000 422.000000
662.000000 897.000000 78.000000
513.000000 690.000000 415.000000
486.000000 424.000000 424.000000
495.000000 353.000000 417.000000
493.000000 755.000000 237.000000
420.000000 505.000000 414.000000
420.000000 412.000000 416.000000
418.000000 613.000000 411.000000
428.000000 253.000000 216.000000
418.000000 344.000000 416.000000
408.000000 709.000000 402.000000
406.000000 259.000000 342.000000
408.000000 282.000000 402.000000
523.000000 73.000000 104.000000
342.000000 495.000000 90.000000
350.000000 703.000000 303.000000
310.000000 368.000000 306.000000
299.000000 591.000000 305.000000
291.000000 494.000000 304.000000
306.000000 326.000000 180.000000
314.000000 294.000000 103.000000
263.000000 446.000000 209.000000
247.000000 564.000000 146.000000
251.000000 375.000000 111.000000
226.000000 479.000000 118.000000
359.000000 916.000000 58.000000
274.000000 195.000000 91.000000
323.000000 94.000000 103.000000
95.000000 626.000000 92.000000
