694.000000 530.000000 114.000000
622.000000 416.000000 282.000000
628.000000 619.000000 293.000000
668.000000 304.000000 99.000000
573.000000 341.000000 330.000000
582.000000 691.000000 336.000000
532.000000 439.000000 365.000000
518.000000 603.000000 408.000000
599.000000 829.000000 96.000000
662.000000 897.000000 78.000000
486.000000 424.000000 424.000000
418.000000 613.000000 411.000000
450.000000 777.000000 119.000000
428.000000 253.000000 216.000000
291.000000 494.000000 304.000000
247.000000 564.000000 146.000000
323.000000 94.000000 103.000000
