537.000000 950.000000 51.000000
534.000000 754.000000 167.000000
495.000000 746.000000 309.000000
607.000000 730.000000 112.000000
582.000000 691.000000 336.000000
702.000000 764.000000 90.000000
779.000000 821.000000 83.000000
418.000000 613.000000 411.000000
518.000000 603.000000 408.000000
652.000000 607.000000 177.000000
299.000000 591.000000 305.000000
487.000000 524.000000 422.000000
420.000000 505.000000 414.000000
291.000000 494.000000 304.000000
369.000000 448.000000 358.000000
486.000000 424.000000 424.000000
310.000000 368.000000 306.000000
495.000000 353.000000 417.000000
418.000000 344.000000 416.000000
408.000000 282.000000 402.000000
464.000000 225.000000 108.000000
