240.000000 480.000000 110.000000
250.000000 560.000000 140.000000
260.000000 370.000000 110.000000
290.000000 490.000000 310.000000
280.000000 670.000000 140.000000
480.000000 250.000000 150.000000
220.000000 850.000000 70.000000
360.000000 280.000000 260.000000
480.000000 500.000000 430.000000
520.000000 630.000000 440.000000
420.000000 250.000000 340.000000
440.000000 250.000000 210.000000
500.000000 530.000000 430.000000
510.000000 750.000000 310.000000
590.000000 540.000000 340.000000
540.000000 70.000000 100.000000
770.000000 790.000000 80.000000
