668.000000 304.000000 99.000000
650.000000 497.000000 221.000000
606.000000 326.000000 182.000000
529.000000 264.000000 192.000000
682.000000 661.000000 106.000000
532.000000 439.000000 365.000000
495.000000 353.000000 417.000000
486.000000 424.000000 424.000000
582.000000 691.000000 336.000000
518.000000 603.000000 408.000000
406.000000 259.000000 342.000000
599.000000 829.000000 96.000000
662.000000 897.000000 78.000000
314.000000 294.000000 103.000000
247.000000 564.000000 146.000000
226.000000 479.000000 118.000000
