599.000000 829.000000 96.000000
607.000000 730.000000 112.000000
582.000000 691.000000 336.000000
628.000000 619.000000 293.000000
652.000000 607.000000 177.000000
350.000000 703.000000 303.000000
518.000000 603.000000 408.000000
418.000000 613.000000 411.000000
650.000000 497.000000 221.000000
487.000000 524.000000 422.000000
532.000000 439.000000 365.000000
247.000000 564.000000 146.000000
342.000000 495.000000 90.000000
291.000000 494.000000 304.000000
573.000000 341.000000 330.000000
95.000000 626.000000 92.000000
418.000000 344.000000 416.000000
464.000000 225.000000 108.000000
