540.000000 750.000000 180.000000
470.000000 230.000000 100.000000
440.000000 480.000000 410.000000
500.000000 370.000000 430.000000
310.000000 310.000000 90.000000
260.000000 620.000000 140.000000
700.000000 160.000000 90.000000
300.000000 470.000000 320.000000
250.000000 390.000000 110.000000
500.000000 370.000000 430.000000
430.000000 460.000000 430.000000
250.000000 530.000000 200.000000
290.000000 550.000000 310.000000
340.000000 520.000000 90.000000
430.000000 600.000000 440.000000
300.000000 630.000000 310.000000
420.000000 700.000000 430.000000
520.000000 710.000000 420.000000
410.000000 720.000000 410.000000
620.000000 790.000000 100.000000
550.000000 770.000000 110.000000
490.000000 880.000000 80.000000
