540.000000 940.000000 50.000000
610.000000 410.000000 90.000000
530.000000 390.000000 380.000000
610.000000 710.000000 100.000000
590.000000 680.000000 340.000000
730.000000 730.000000 80.000000
800.000000 810.000000 80.000000
410.000000 550.000000 440.000000
520.000000 590.000000 420.000000
660.000000 600.000000 180.000000
290.000000 550.000000 310.000000
490.000000 460.000000 440.000000
410.000000 440.000000 440.000000
290.000000 490.000000 310.000000
360.000000 350.000000 370.000000
490.000000 390.000000 430.000000
310.000000 350.000000 310.000000
500.000000 320.000000 430.000000
420.000000 320.000000 420.000000
410.000000 270.000000 400.000000
460.000000 200.000000 100.000000
