529.000000 264.000000 192.000000
695.000000 151.000000 92.000000
472.000000 273.000000 389.000000
314.000000 294.000000 103.000000
606.000000 326.000000 182.000000
306.000000 326.000000 180.000000
418.000000 344.000000 416.000000
251.000000 375.000000 111.000000
420.000000 412.000000 416.000000
486.000000 424.000000 424.000000
342.000000 495.000000 90.000000
420.000000 505.000000 414.000000
487.000000 524.000000 422.000000
587.000000 535.000000 338.000000
518.000000 603.000000 408.000000
418.000000 613.000000 411.000000
275.000000 666.000000 138.000000
513.000000 690.000000 415.000000
408.000000 709.000000 402.000000
607.000000 730.000000 112.000000
827.000000 652.000000 77.000000
550.000000 765.000000 112.000000
