58.000000 82.000000 124.000000
87.000000 124.000000 126.000000
102.000000 125.000000 116.000000
140.000000 91.000000 66.000000
136.000000 106.000000 55.000000
148.000000 141.000000 98.000000
156.000000 147.000000 148.000000
152.000000 100.000000 85.000000
146.000000 86.000000 65.000000
148.000000 106.000000 67.000000
157.000000 146.000000 97.000000
148.000000 70.000000 49.000000
159.000000 88.000000 62.000000
148.000000 52.000000 44.000000
148.000000 64.000000 39.000000
148.000000 16.000000 13.000000
241.000000 125.000000 151.000000
