149.000000 155.000000 100.000000
148.000000 150.000000 95.000000
148.000000 141.000000 98.000000
149.000000 134.000000 78.000000
156.000000 147.000000 148.000000
64.000000 127.000000 144.000000
171.000000 133.000000 97.000000
162.000000 126.000000 77.000000
143.000000 113.000000 76.000000
155.000000 116.000000 67.000000
148.000000 106.000000 67.000000
166.000000 112.000000 67.000000
138.000000 100.000000 68.000000
150.000000 105.000000 60.000000
166.000000 115.000000 40.000000
163.000000 110.000000 51.000000
134.000000 95.000000 57.000000
202.000000 124.000000 118.000000
140.000000 91.000000 66.000000
153.000000 93.000000 57.000000
58.000000 82.000000 124.000000
161.000000 98.000000 47.000000
223.000000 91.000000 115.000000
