154.000000 181.000000 115.000000
151.000000 178.000000 124.000000
157.000000 155.000000 104.000000
149.000000 155.000000 100.000000
158.000000 142.000000 88.000000
171.000000 133.000000 97.000000
149.000000 134.000000 78.000000
175.000000 128.000000 99.000000
162.000000 126.000000 77.000000
202.000000 124.000000 118.000000
155.000000 116.000000 67.000000
211.000000 112.000000 118.000000
157.000000 111.000000 80.000000
102.000000 125.000000 116.000000
163.000000 110.000000 51.000000
162.000000 105.000000 72.000000
150.000000 105.000000 60.000000
140.000000 102.000000 61.000000
153.000000 93.000000 57.000000
223.000000 91.000000 115.000000
156.000000 90.000000 58.000000
160.000000 86.000000 54.000000
64.000000 127.000000 144.000000
260.000000 67.000000 148.000000
253.000000 49.000000 112.000000
