147.000000 147.000000 148.000000
156.000000 147.000000 148.000000
140.000000 150.000000 138.000000
225.000000 125.000000 138.000000
154.000000 151.000000 124.000000
87.000000 124.000000 126.000000
102.000000 125.000000 116.000000
260.000000 67.000000 148.000000
223.000000 91.000000 115.000000
148.000000 141.000000 98.000000
162.000000 130.000000 90.000000
152.000000 100.000000 85.000000
295.000000 10.000000 181.000000
160.000000 115.000000 85.000000
138.000000 116.000000 85.000000
148.000000 111.000000 80.000000
157.000000 111.000000 80.000000
253.000000 49.000000 112.000000
143.000000 125.000000 79.000000
151.000000 94.000000 70.000000
138.000000 100.000000 68.000000
148.000000 106.000000 67.000000
140.000000 91.000000 66.000000
146.000000 86.000000 65.000000
159.000000 88.000000 62.000000
164.000000 100.000000 50.000000
142.000000 75.000000 50.000000
157.000000 67.000000 44.000000
146.000000 65.000000 44.000000
154.000000 55.000000 43.000000
151.000000 40.000000 37.000000
154.000000 40.000000 31.000000
148.000000 16.000000 13.000000
