147.000000 153.000000 99.000000
147.000000 147.000000 96.000000
159.000000 138.000000 87.000000
147.000000 102.000000 75.000000
171.000000 132.000000 99.000000
174.000000 126.000000 99.000000
162.000000 123.000000 78.000000
144.000000 111.000000 78.000000
150.000000 102.000000 87.000000
201.000000 123.000000 120.000000
159.000000 108.000000 72.000000
156.000000 111.000000 66.000000
165.000000 114.000000 39.000000
162.000000 108.000000 51.000000
162.000000 93.000000 69.000000
150.000000 99.000000 60.000000
138.000000 102.000000 60.000000
159.000000 99.000000 63.000000
135.000000 90.000000 57.000000
153.000000 87.000000 54.000000
156.000000 87.000000 57.000000
237.000000 105.000000 138.000000
222.000000 90.000000 114.000000
147.000000 75.000000 51.000000
156.000000 75.000000 45.000000
261.000000 66.000000 147.000000
