151.000000 40.000000 28.000000
151.000000 74.000000 46.000000
137.000000 111.000000 49.000000
151.000000 86.000000 52.000000
160.000000 86.000000 54.000000
139.000000 105.000000 54.000000
146.000000 84.000000 56.000000
137.000000 89.000000 59.000000
138.000000 100.000000 68.000000
151.000000 94.000000 70.000000
146.000000 130.000000 87.000000
150.000000 141.000000 87.000000
162.000000 130.000000 90.000000
123.000000 121.000000 98.000000
152.000000 143.000000 104.000000
237.000000 83.000000 124.000000
225.000000 125.000000 138.000000
260.000000 51.000000 130.000000
64.000000 127.000000 144.000000
