148.000000 16.000000 13.000000
87.000000 102.000000 114.000000
148.000000 52.000000 44.000000
112.000000 94.000000 96.000000
152.000000 47.000000 37.000000
137.000000 89.000000 59.000000
140.000000 91.000000 66.000000
146.000000 86.000000 65.000000
146.000000 84.000000 56.000000
134.000000 95.000000 57.000000
87.000000 124.000000 126.000000
64.000000 127.000000 144.000000
138.000000 100.000000 68.000000
151.000000 94.000000 70.000000
152.000000 100.000000 85.000000
123.000000 121.000000 98.000000
163.000000 89.000000 64.000000
137.000000 111.000000 49.000000
148.000000 111.000000 80.000000
157.000000 111.000000 80.000000
152.000000 119.000000 87.000000
162.000000 126.000000 77.000000
162.000000 130.000000 90.000000
148.000000 141.000000 98.000000
156.000000 136.000000 88.000000
150.000000 141.000000 87.000000
158.000000 137.000000 94.000000
152.000000 143.000000 104.000000
140.000000 150.000000 138.000000
147.000000 147.000000 148.000000
156.000000 147.000000 148.000000
202.000000 124.000000 118.000000
237.000000 83.000000 124.000000
260.000000 67.000000 148.000000
225.000000 125.000000 138.000000
