219.000000 63.000000 96.000000
93.000000 123.000000 123.000000
105.000000 126.000000 114.000000
141.000000 90.000000 63.000000
141.000000 105.000000 54.000000
159.000000 144.000000 96.000000
159.000000 147.000000 147.000000
153.000000 102.000000 84.000000
153.000000 84.000000 63.000000
153.000000 105.000000 66.000000
159.000000 144.000000 96.000000
156.000000 69.000000 45.000000
159.000000 87.000000 60.000000
150.000000 51.000000 45.000000
150.000000 66.000000 39.000000
150.000000 18.000000 12.000000
243.000000 126.000000 150.000000
