159 219 110
153 228 62
153 87 125
93 93 35
90 207 50
117 219 107
69 198 29
78 180 47
114 78 71
72 168 32
156 96 122
90 198 80
126 84 122
48 156 26
102 81 35
264 189 20
177 93 68
69 150 41
45 198 26
162 222 92
204 174 38
165 171 26
114 81 110
123 111 128
207 156 32
183 183 104
204 189 38
204 174 32
126 168 131
84 201 41
168 78 26
90 270 17
81 114 47
117 105 116
267 168 20
156 132 110
177 12 32
147 18 32
75 138 44
120 132 119
183 195 98
150 132 128
222 231 26
153 75 38
198 189 29
102 159 104
171 228 29
210 276 23
123 183 128
75 180 41
183 213 29
198 180 38
156 183 128
198 87 29
135 84 116
198 162 56
90 90 26
123 234 29
192 105 26
198 183 29
36 144 26
141 69 26
129 198 128
81 189 59
165 225 62
177 84 32
129 153 128
126 282 14
201 120 32
75 117 32
30 180 29
159 30 32
207 165 29
189 96 35
78 159 71
63 204 29
153 39 32
183 207 68
129 90 122
192 153 77
204 183 32
39 123 29
120 159 122
144 108 125
75 132 32
75 138 53
162 81 59
192 201 38
177 243 26
204 171 38
123 225 86
147 138 131
150 78 92
207 132 38
72 162 41
195 141 65
144 72 26
24 192 29
126 153 134
150 234 29
144 222 107
90 102 50
168 75 26
135 126 116
111 81 80
126 222 110
117 225 44
159 219 119
105 222 32
150 231 44
69 150 32
123 231 38
153 222 104
132 75 98
150 78 104
123 87 125
150 165 131
102 195 107
261 111 20
165 210 122
171 108 104
174 144 101
156 171 122
81 135 77
39 78 26
201 126 35
165 84 23
75 168 62
198 105 29
93 96 56
72 174 32
168 81 35
66 54 29
108 171 107
150 111 128
123 228 56
96 129 26
57 111 26
204 156 26
81 228 29
177 210 89
102 81 26
90 207 41
159 51 26
141 75 92
54 39 29
114 78 53
147 75 53
78 72 26
87 201 56
240 60 26
105 222 47
144 117 128
129 126 128
105 234 29
132 228 68
198 129 44
93 117 98
75 186 41
138 75 74
156 72 32
78 24 29
126 291 8
15 195 26
99 285 11
156 225 86
180 105 92
18 132 29
66 183 29
159 144 107
159 75 26
198 180 47
153 225 92
102 84 56
162 225 53
189 210 29
168 270 20
150 78 74
174 213 77
156 195 128
204 162 38
189 153 89
210 165 29
195 96 32
144 72 35
108 219 74
162 81 50
123 225 74
165 87 104
117 159 110
177 222 32
138 228 50
81 111 29
213 204 26
201 183 38
78 195 32
183 90 29
156 147 110
141 102 119
9 171 26
18 207 23
180 228 26
75 153 62
171 84 56
225 126 26
162 66 26
207 249 26
138 180 116
183 288 14
72 168 41
174 87 38
78 111 35
75 180 32
195 204 29
72 132 38
192 231 26
87 195 68
168 42 29
174 222 38
162 282 14
93 189 101
132 222 98
165 174 110
216 153 26
207 177 29
180 78 26
114 84 113
156 75 44
147 213 122
99 96 98
207 150 29
162 219 98
207 138 32
171 210 116
120 117 119
201 99 26
135 90 113
189 207 38
132 72 26
90 159 95
84 105 38
96 213 44
114 75 26
123 132 131
78 54 26
81 111 38
123 153 128
165 120 104
123 51 26
123 96 125
150 96 128
186 216 38
135 117 116
216 270 23
135 138 113
168 186 110
189 54 26
144 87 122
42 51 29
132 75 62
63 72 26
213 78 23
27 99 26
51 177 26
30 126 29
75 186 38
144 60 26
165 81 41
105 87 104
156 72 35
102 210 98
234 192 26
75 180 38
42 249 26
204 135 35
75 126 38
228 243 26
234 216 26
63 135 29
228 147 26
189 123 80
102 84 71
201 117 29
123 189 134
123 216 122
105 87 89
198 93 29
111 210 113
153 72 23
267 132 23
120 141 122
213 153 32
204 129 29
246 135 20
171 57 29
90 171 98
204 201 26
126 75 86
168 216 83
99 57 26
210 48 26
54 54 29
105 207 113
132 69 35
75 99 26
156 69 26
18 153 26
150 72 26
171 213 101
9 138 32
246 237 23
195 186 59
186 99 26
93 105 83
42 228 26
186 42 29
135 150 116
246 96 23
63 174 29
111 195 113
9 162 26
192 195 41
138 228 77
117 78 104
102 213 80
12 123 29
150 78 113
126 75 116
27 162 26
162 75 35
69 273 14
138 225 92
207 150 41
18 207 26
189 108 50
114 168 26
138 177 26
87 147 92
126 75 110
129 234 32
195 123 41
111 228 32
138 231 29
177 216 50
246 237 26
141 174 113
129 180 131
69 87 26
123 78 98
105 42 29
204 138 38
84 120 68
216 255 23
156 81 110
90 177 95
141 192 116
105 243 29
99 105 26
150 225 83
96 84 29
87 201 47
204 27 29
75 174 44
87 249 26
147 126 131
183 102 62
192 120 56
150 225 95
162 81 92
207 156 38
183 123 92
177 153 26
201 132 38
111 183 110
153 75 47
99 219 38
96 204 92
177 168 101
183 123 26
165 105 110
144 81 119
123 117 128
93 138 98
183 27 29
180 93 44
105 222 56
168 225 26
171 198 113
204 201 35
60 264 17
138 96 116
189 183 92
210 141 38
189 261 26
204 129 38
99 201 104
225 180 26
48 138 29
63 228 29
105 225 38
183 201 77
171 78 32
123 75 50
213 135 26
189 249 26
111 78 35
171 12 32
159 249 26
141 75 104
171 78 26
198 102 32
78 126 53
177 99 23
213 141 32
156 222 101
135 75 47
141 9 32
9 150 29
183 90 26
138 234 38
174 213 92
204 138 29
120 72 35
171 228 38
150 294 8
123 147 131
207 189 29
135 219 122
147 222 113
210 144 29
204 219 26
162 231 32
168 114 104
108 138 104
135 36 32
180 219 35
177 201 104
159 87 116
138 243 29
117 189 116
105 99 107
204 234 26
144 150 128
246 186 20
267 144 20
126 210 128
159 162 110
96 210 68
192 105 38
174 126 101
156 225 74
108 246 26
153 111 119
219 219 26
117 231 35
75 249 26
201 141 41
114 222 83
78 186 32
72 138 32
87 210 38
135 153 113
168 213 110
114 207 125
141 204 119
129 162 131
177 90 50
165 84 83
9 138 29
114 132 107
87 123 83
141 48 29
249 156 23
123 81 119
243 219 23
198 114 29
135 108 113
198 195 32
99 216 62
162 21 29
192 135 77
204 144 29
153 123 113
189 135 89
129 144 128
162 219 116
198 117 38
87 210 32
156 210 128
87 165 92
156 9 29
105 108 107
117 261 23
216 105 26
258 150 23
24 222 23
57 249 23
108 24 32
120 177 119
111 156 104
84 177 86
159 228 38
141 216 122
90 153 98
147 264 23
171 90 98
117 90 122
186 204 50
12 114 29
258 159 20
12 183 26
198 147 47
153 84 119
207 135 29
102 225 41
120 171 113
108 219 89
168 132 101
201 252 23
192 183 77
141 168 119
