268.000000 133.000000 25.000000
193.000000 159.000000 78.000000
190.000000 179.000000 94.000000
246.000000 236.000000 26.000000
192.000000 181.000000 79.000000
180.000000 168.000000 101.000000
187.000000 118.000000 82.000000
205.000000 183.000000 32.000000
184.000000 105.000000 66.000000
202.000000 100.000000 28.000000
182.000000 209.000000 64.000000
171.000000 213.000000 105.000000
178.000000 94.000000 72.000000
170.000000 94.000000 102.000000
193.000000 106.000000 28.000000
167.000000 87.000000 105.000000
177.000000 91.000000 54.000000
165.000000 218.000000 98.000000
208.000000 250.000000 28.000000
168.000000 86.000000 81.000000
146.000000 141.000000 131.000000
149.000000 110.000000 130.000000
159.000000 80.000000 90.000000
164.000000 82.000000 63.000000
167.000000 82.000000 45.000000
136.000000 151.000000 118.000000
136.000000 154.000000 115.000000
154.000000 78.000000 74.000000
172.000000 79.000000 28.000000
136.000000 107.000000 116.000000
166.000000 85.000000 25.000000
162.000000 74.000000 37.000000
157.000000 76.000000 46.000000
154.000000 76.000000 40.000000
163.000000 67.000000 28.000000
121.000000 178.000000 121.000000
169.000000 43.000000 31.000000
155.000000 67.000000 27.000000
133.000000 229.000000 70.000000
135.000000 75.000000 62.000000
138.000000 74.000000 46.000000
172.000000 13.000000 34.000000
160.000000 31.000000 34.000000
165.000000 24.000000 31.000000
147.000000 60.000000 27.000000
150.000000 267.000000 25.000000
162.000000 286.000000 14.000000
144.000000 22.000000 32.000000
91.000000 160.000000 97.000000
122.000000 233.000000 31.000000
103.000000 226.000000 43.000000
88.000000 202.000000 49.000000
88.000000 211.000000 34.000000
76.000000 135.000000 52.000000
70.000000 199.000000 31.000000
67.000000 184.000000 31.000000
62.000000 249.000000 24.000000
31.000000 181.000000 31.000000
43.000000 50.000000 29.000000
28.000000 99.000000 26.000000
9.000000 170.000000 27.000000
