120.000000 224.000000 76.000000
159.000000 224.000000 76.000000
109.000000 247.000000 28.000000
106.000000 244.000000 31.000000
106.000000 235.000000 31.000000
96.000000 201.000000 94.000000
184.000000 192.000000 97.000000
91.000000 208.000000 43.000000
194.000000 189.000000 63.000000
79.000000 182.000000 51.000000
236.000000 210.000000 26.000000
79.000000 172.000000 65.000000
64.000000 175.000000 31.000000
166.000000 121.000000 106.000000
28.000000 163.000000 28.000000
10.000000 139.000000 31.000000
266.000000 132.000000 23.000000
13.000000 124.000000 31.000000
62.000000 54.000000 28.000000
