105.000000 81.000000 27.000000
174.000000 84.000000 27.000000
108.000000 246.000000 27.000000
105.000000 243.000000 30.000000
105.000000 234.000000 30.000000
81.000000 135.000000 78.000000
186.000000 189.000000 96.000000
90.000000 207.000000 42.000000
195.000000 186.000000 60.000000
78.000000 180.000000 48.000000
237.000000 204.000000 24.000000
75.000000 159.000000 60.000000
63.000000 174.000000 30.000000
165.000000 120.000000 105.000000
27.000000 162.000000 27.000000
9.000000 138.000000 30.000000
267.000000 132.000000 24.000000
12.000000 123.000000 30.000000
60.000000 48.000000 27.000000
