189.000000 30.000000 27.000000
204.000000 27.000000 27.000000
117.000000 105.000000 117.000000
174.000000 57.000000 27.000000
78.000000 54.000000 27.000000
141.000000 69.000000 27.000000
105.000000 99.000000 108.000000
165.000000 75.000000 27.000000
240.000000 60.000000 24.000000
81.000000 120.000000 42.000000
39.000000 78.000000 27.000000
207.000000 174.000000 39.000000
126.000000 171.000000 135.000000
201.000000 126.000000 36.000000
201.000000 141.000000 42.000000
12.000000 114.000000 30.000000
108.000000 213.000000 105.000000
138.000000 210.000000 120.000000
216.000000 270.000000 24.000000
75.000000 186.000000 42.000000
69.000000 273.000000 18.000000
117.000000 228.000000 33.000000
150.000000 234.000000 30.000000
234.000000 252.000000 24.000000
