186.000000 25.000000 29.000000
201.000000 25.000000 29.000000
120.000000 82.000000 119.000000
172.000000 57.000000 28.000000
79.000000 51.000000 28.000000
140.000000 67.000000 28.000000
107.000000 97.000000 110.000000
167.000000 74.000000 28.000000
236.000000 56.000000 26.000000
87.000000 105.000000 50.000000
41.000000 76.000000 29.000000
194.000000 125.000000 59.000000
127.000000 154.000000 136.000000
201.000000 126.000000 38.000000
198.000000 132.000000 48.000000
13.000000 110.000000 31.000000
111.000000 168.000000 108.000000
139.000000 183.000000 120.000000
197.000000 182.000000 51.000000
76.000000 181.000000 43.000000
83.000000 198.000000 42.000000
117.000000 227.000000 32.000000
150.000000 233.000000 32.000000
233.000000 244.000000 25.000000
