26.000000 99.000000 29.000000
90.000000 180.000000 96.000000
42.000000 229.000000 28.000000
75.000000 172.000000 46.000000
99.000000 148.000000 102.000000
40.000000 55.000000 31.000000
64.000000 207.000000 30.000000
92.000000 102.000000 82.000000
99.000000 195.000000 104.000000
88.000000 203.000000 60.000000
99.000000 94.000000 99.000000
68.000000 90.000000 27.000000
108.000000 103.000000 111.000000
108.000000 102.000000 111.000000
76.000000 96.000000 27.000000
97.000000 211.000000 70.000000
114.000000 180.000000 112.000000
105.000000 212.000000 100.000000
118.000000 156.000000 112.000000
95.000000 93.000000 57.000000
120.000000 162.000000 122.000000
101.000000 88.000000 74.000000
117.000000 192.000000 120.000000
121.000000 172.000000 115.000000
100.000000 217.000000 64.000000
57.000000 38.000000 30.000000
124.000000 169.000000 132.000000
93.000000 93.000000 40.000000
112.000000 80.000000 84.000000
106.000000 223.000000 49.000000
136.000000 129.000000 120.000000
117.000000 78.000000 70.000000
140.000000 166.000000 121.000000
135.000000 96.000000 118.000000
142.000000 195.000000 118.000000
137.000000 83.000000 118.000000
112.000000 76.000000 36.000000
141.000000 226.000000 90.000000
142.000000 228.000000 76.000000
170.000000 200.000000 114.000000
104.000000 284.000000 13.000000
154.000000 73.000000 25.000000
132.000000 278.000000 17.000000
194.000000 120.000000 45.000000
186.000000 87.000000 27.000000
168.000000 269.000000 20.000000
202.000000 133.000000 40.000000
198.000000 189.000000 33.000000
199.000000 112.000000 30.000000
206.000000 173.000000 34.000000
206.000000 166.000000 32.000000
