70.000000 148.000000 52.000000
73.000000 136.000000 52.000000
79.000000 148.000000 52.000000
79.000000 127.000000 52.000000
73.000000 121.000000 52.000000
91.000000 166.000000 52.000000
94.000000 130.000000 52.000000
79.000000 154.000000 43.000000
97.000000 153.000000 47.000000
99.000000 162.000000 48.000000
100.000000 172.000000 49.000000
100.000000 138.000000 47.000000
100.000000 129.000000 46.000000
91.000000 193.000000 43.000000
92.000000 207.000000 46.000000
76.000000 83.000000 49.000000
103.000000 100.000000 46.000000
63.000000 78.000000 48.000000
22.000000 89.000000 46.000000
35.000000 82.000000 46.000000
50.000000 78.000000 45.000000
99.000000 216.000000 46.000000
25.000000 229.000000 49.000000
30.000000 68.000000 51.000000
97.000000 76.000000 47.000000
20.000000 75.000000 45.000000
58.000000 64.000000 46.000000
12.000000 74.000000 46.000000
88.000000 243.000000 46.000000
78.000000 65.000000 38.000000
19.000000 79.000000 31.000000
57.000000 258.000000 48.000000
31.000000 238.000000 34.000000
88.000000 82.000000 25.000000
85.000000 238.000000 34.000000
22.000000 82.000000 25.000000
85.000000 82.000000 19.000000
42.000000 270.000000 51.000000
71.000000 278.000000 56.000000
65.000000 285.000000 60.000000
58.000000 291.000000 63.000000
25.000000 28.000000 46.000000
59.000000 21.000000 46.000000
38.000000 16.000000 46.000000
