34.000000 217.000000 13.000000
28.000000 224.000000 9.000000
22.000000 226.000000 9.000000
26.000000 230.000000 9.000000
70.000000 138.000000 42.000000
26.000000 66.000000 9.000000
92.000000 162.000000 42.000000
63.000000 126.000000 46.000000
69.000000 128.000000 46.000000
58.000000 73.000000 25.000000
14.000000 154.000000 46.000000
101.000000 147.000000 46.000000
12.000000 162.000000 46.000000
100.000000 138.000000 47.000000
95.000000 181.000000 46.000000
100.000000 129.000000 46.000000
13.000000 129.000000 46.000000
29.000000 107.000000 45.000000
89.000000 218.000000 35.000000
98.000000 111.000000 46.000000
22.000000 216.000000 46.000000
76.000000 83.000000 49.000000
20.000000 75.000000 45.000000
58.000000 64.000000 46.000000
12.000000 74.000000 46.000000
36.000000 57.000000 42.000000
51.000000 45.000000 42.000000
76.000000 32.000000 46.000000
42.000000 270.000000 51.000000
59.000000 21.000000 46.000000
33.000000 275.000000 53.000000
65.000000 285.000000 60.000000
48.000000 287.000000 61.000000
