12.000000 74.000000 46.000000
15.000000 81.000000 46.000000
20.000000 75.000000 45.000000
19.000000 55.000000 32.000000
23.000000 145.000000 48.000000
19.000000 46.000000 46.000000
13.000000 190.000000 46.000000
31.000000 79.000000 34.000000
36.000000 123.000000 42.000000
35.000000 82.000000 46.000000
34.000000 155.000000 46.000000
40.000000 118.000000 51.000000
25.000000 28.000000 46.000000
36.000000 57.000000 42.000000
22.000000 210.000000 22.000000
24.000000 207.000000 45.000000
19.000000 223.000000 31.000000
18.000000 228.000000 46.000000
50.000000 78.000000 45.000000
54.000000 124.000000 51.000000
38.000000 16.000000 46.000000
21.000000 237.000000 46.000000
51.000000 45.000000 42.000000
32.000000 224.000000 37.000000
63.000000 126.000000 46.000000
63.000000 78.000000 48.000000
22.000000 250.000000 47.000000
69.000000 128.000000 46.000000
34.000000 257.000000 46.000000
75.000000 51.000000 46.000000
78.000000 65.000000 38.000000
62.000000 223.000000 45.000000
88.000000 79.000000 34.000000
33.000000 275.000000 53.000000
90.000000 120.000000 46.000000
89.000000 72.000000 37.000000
42.000000 270.000000 51.000000
62.000000 242.000000 46.000000
96.000000 90.000000 46.000000
57.000000 258.000000 48.000000
96.000000 60.000000 46.000000
88.000000 211.000000 25.000000
70.000000 252.000000 47.000000
54.000000 277.000000 55.000000
92.000000 207.000000 46.000000
48.000000 287.000000 61.000000
88.000000 243.000000 46.000000
58.000000 291.000000 63.000000
