76.000000 32.000000 46.000000
92.000000 52.000000 22.000000
64.000000 43.000000 42.000000
86.000000 56.000000 39.000000
82.000000 54.000000 26.000000
51.000000 45.000000 42.000000
58.000000 64.000000 46.000000
66.000000 69.000000 23.000000
46.000000 64.000000 22.000000
27.000000 51.000000 23.000000
22.000000 52.000000 22.000000
94.000000 102.000000 48.000000
35.000000 82.000000 46.000000
98.000000 111.000000 46.000000
80.000000 107.000000 42.000000
20.000000 75.000000 45.000000
54.000000 105.000000 46.000000
15.000000 81.000000 46.000000
103.000000 121.000000 49.000000
39.000000 98.000000 47.000000
22.000000 89.000000 46.000000
63.000000 126.000000 46.000000
89.000000 143.000000 44.000000
75.000000 159.000000 46.000000
23.000000 145.000000 48.000000
57.000000 165.000000 46.000000
88.000000 211.000000 25.000000
96.000000 214.000000 20.000000
99.000000 216.000000 46.000000
85.000000 214.000000 34.000000
40.000000 216.000000 48.000000
58.000000 229.000000 22.000000
97.000000 238.000000 25.000000
70.000000 252.000000 47.000000
32.000000 267.000000 50.000000
