102.000000 159.000000 45.000000
91.000000 166.000000 52.000000
91.000000 193.000000 43.000000
99.000000 216.000000 46.000000
81.000000 132.000000 42.000000
96.000000 214.000000 20.000000
97.000000 79.000000 28.000000
91.000000 212.000000 19.000000
88.000000 79.000000 34.000000
94.000000 232.000000 31.000000
88.000000 82.000000 25.000000
94.000000 232.000000 22.000000
85.000000 82.000000 19.000000
54.000000 124.000000 51.000000
86.000000 56.000000 39.000000
94.000000 41.000000 45.000000
91.000000 262.000000 46.000000
50.000000 78.000000 45.000000
36.000000 123.000000 42.000000
71.000000 278.000000 56.000000
22.000000 181.000000 43.000000
20.000000 186.000000 48.000000
34.000000 220.000000 13.000000
28.000000 211.000000 22.000000
31.000000 79.000000 13.000000
49.000000 268.000000 49.000000
31.000000 238.000000 34.000000
60.000000 17.000000 49.000000
42.000000 274.000000 52.000000
24.000000 52.000000 48.000000
28.000000 35.000000 46.000000
25.000000 28.000000 46.000000
