39.000000 18.000000 45.000000
27.000000 51.000000 21.000000
18.000000 57.000000 30.000000
72.000000 81.000000 42.000000
57.000000 105.000000 42.000000
48.000000 66.000000 21.000000
96.000000 81.000000 48.000000
84.000000 111.000000 51.000000
87.000000 63.000000 24.000000
99.000000 183.000000 48.000000
66.000000 69.000000 21.000000
93.000000 66.000000 39.000000
81.000000 66.000000 39.000000
78.000000 273.000000 51.000000
102.000000 78.000000 48.000000
96.000000 195.000000 48.000000
102.000000 162.000000 48.000000
39.000000 120.000000 51.000000
63.000000 123.000000 51.000000
102.000000 111.000000 48.000000
96.000000 207.000000 48.000000
93.000000 180.000000 48.000000
93.000000 159.000000 42.000000
63.000000 273.000000 51.000000
102.000000 162.000000 48.000000
57.000000 267.000000 51.000000
93.000000 228.000000 48.000000
72.000000 252.000000 48.000000
24.000000 216.000000 45.000000
33.000000 216.000000 24.000000
27.000000 240.000000 30.000000
33.000000 219.000000 18.000000
33.000000 225.000000 36.000000
33.000000 261.000000 45.000000
