103.000000 100.000000 49.000000
97.000000 76.000000 47.000000
103.000000 121.000000 49.000000
94.000000 102.000000 48.000000
92.000000 52.000000 22.000000
89.000000 72.000000 37.000000
88.000000 79.000000 34.000000
101.000000 147.000000 46.000000
94.000000 130.000000 52.000000
90.000000 120.000000 46.000000
82.000000 64.000000 51.000000
97.000000 153.000000 47.000000
80.000000 107.000000 42.000000
79.000000 106.000000 51.000000
75.000000 51.000000 46.000000
85.000000 136.000000 52.000000
100.000000 172.000000 49.000000
81.000000 132.000000 42.000000
92.000000 162.000000 42.000000
79.000000 127.000000 52.000000
91.000000 166.000000 52.000000
63.000000 78.000000 48.000000
64.000000 43.000000 42.000000
79.000000 154.000000 43.000000
58.000000 64.000000 46.000000
63.000000 126.000000 46.000000
91.000000 193.000000 43.000000
54.000000 105.000000 46.000000
50.000000 78.000000 45.000000
99.000000 216.000000 46.000000
92.000000 207.000000 46.000000
96.000000 214.000000 20.000000
94.000000 220.000000 31.000000
44.000000 27.000000 46.000000
92.000000 218.000000 10.000000
40.000000 118.000000 51.000000
35.000000 82.000000 46.000000
94.000000 232.000000 28.000000
94.000000 232.000000 22.000000
97.000000 238.000000 31.000000
97.000000 238.000000 25.000000
31.000000 79.000000 34.000000
30.000000 68.000000 51.000000
28.000000 50.000000 48.000000
29.000000 107.000000 45.000000
33.000000 134.000000 47.000000
22.000000 89.000000 46.000000
34.000000 155.000000 46.000000
62.000000 223.000000 45.000000
12.000000 74.000000 46.000000
14.000000 120.000000 45.000000
13.000000 129.000000 46.000000
14.000000 138.000000 47.000000
13.000000 148.000000 46.000000
14.000000 154.000000 46.000000
40.000000 216.000000 48.000000
80.000000 273.000000 52.000000
48.000000 237.000000 46.000000
34.000000 217.000000 13.000000
28.000000 211.000000 22.000000
28.000000 214.000000 34.000000
32.000000 224.000000 37.000000
32.000000 230.000000 37.000000
13.000000 211.000000 46.000000
18.000000 228.000000 46.000000
21.000000 237.000000 46.000000
32.000000 267.000000 50.000000
48.000000 287.000000 61.000000
