33.000000 222.000000 18.000000
24.000000 27.000000 45.000000
39.000000 159.000000 42.000000
66.000000 216.000000 42.000000
18.000000 48.000000 45.000000
27.000000 51.000000 21.000000
81.000000 54.000000 24.000000
87.000000 72.000000 36.000000
90.000000 81.000000 27.000000
21.000000 60.000000 21.000000
93.000000 54.000000 21.000000
18.000000 57.000000 30.000000
81.000000 60.000000 21.000000
84.000000 87.000000 51.000000
90.000000 63.000000 9.000000
33.000000 72.000000 21.000000
45.000000 147.000000 42.000000
69.000000 129.000000 51.000000
72.000000 135.000000 51.000000
87.000000 207.000000 48.000000
72.000000 171.000000 51.000000
87.000000 246.000000 48.000000
99.000000 171.000000 45.000000
63.000000 285.000000 57.000000
