845.000000 250.000000 445.000000
865.000000 170.000000 435.000000
790.000000 277.000000 413.000000
905.000000 115.000000 485.000000
905.000000 155.000000 550.000000
760.000000 213.000000 363.000000
750.000000 417.000000 460.000000
675.000000 415.000000 395.000000
643.000000 310.000000 323.000000
600.000000 395.000000 325.000000
565.000000 385.000000 290.000000
540.000000 350.000000 240.000000
540.000000 433.000000 300.000000
540.000000 420.000000 257.000000
545.000000 335.000000 165.000000
525.000000 335.000000 255.000000
523.000000 370.000000 267.000000
535.000000 288.000000 180.000000
515.000000 335.000000 225.000000
508.000000 332.000000 282.000000
517.000000 387.000000 223.000000
525.000000 475.000000 295.000000
550.000000 500.000000 460.000000
510.000000 310.000000 190.000000
500.000000 350.000000 200.000000
508.000000 476.000000 348.000000
498.000000 445.000000 260.000000
487.000000 287.000000 217.000000
486.000000 281.000000 187.000000
466.000000 340.000000 202.000000
487.000000 217.000000 147.000000
490.000000 490.000000 495.000000
457.000000 370.000000 163.000000
465.000000 500.000000 460.000000
375.000000 312.000000 320.000000
340.000000 416.000000 386.000000
290.000000 340.000000 380.000000
290.000000 414.000000 420.000000
220.000000 313.000000 417.000000
220.000000 208.000000 350.000000
155.000000 260.000000 425.000000
132.000000 202.000000 438.000000
115.000000 210.000000 515.000000
78.000000 102.000000 505.000000
