790.000000 280.000000 420.000000
680.000000 420.000000 390.000000
580.000000 420.000000 330.000000
500.000000 300.000000 170.000000
530.000000 420.000000 290.000000
520.000000 340.000000 260.000000
450.000000 370.000000 280.000000
490.000000 350.000000 220.000000
520.000000 390.000000 240.000000
510.000000 440.000000 250.000000
510.000000 390.000000 220.000000
480.000000 420.000000 290.000000
500.000000 480.000000 350.000000
490.000000 480.000000 320.000000
510.000000 490.000000 500.000000
200.000000 430.000000 480.000000
