790.000000 277.000000 413.000000
643.000000 310.000000 323.000000
750.000000 417.000000 460.000000
675.000000 415.000000 395.000000
600.000000 395.000000 325.000000
565.000000 385.000000 290.000000
535.000000 288.000000 180.000000
525.000000 335.000000 255.000000
545.000000 335.000000 165.000000
520.000000 300.000000 195.000000
515.000000 335.000000 225.000000
527.000000 387.000000 243.000000
540.000000 420.000000 257.000000
487.000000 287.000000 217.000000
540.000000 433.000000 300.000000
495.000000 175.000000 145.000000
517.000000 387.000000 223.000000
507.000000 397.000000 290.000000
525.000000 458.000000 315.000000
460.000000 333.000000 227.000000
466.000000 340.000000 202.000000
485.000000 432.000000 290.000000
508.000000 476.000000 348.000000
495.000000 470.000000 325.000000
410.000000 403.000000 327.000000
213.000000 425.000000 479.000000
