213.000000 425.000000 479.000000
460.000000 385.000000 282.000000
492.000000 500.000000 318.000000
497.000000 517.000000 333.000000
485.000000 432.000000 290.000000
465.000000 500.000000 460.000000
500.000000 470.000000 290.000000
460.000000 333.000000 227.000000
525.000000 475.000000 295.000000
447.000000 317.000000 190.000000
467.000000 303.000000 220.000000
523.000000 370.000000 267.000000
515.000000 335.000000 225.000000
487.000000 287.000000 217.000000
583.000000 427.000000 330.000000
495.000000 175.000000 145.000000
675.000000 415.000000 395.000000
750.000000 417.000000 460.000000
