500 330 199
510 530 399
520 220 139
510 180 119
510 240 179
520 240 169
470 350 179
330 420 389
490 190 129
520 270 169
480 460 309
490 180 109
500 240 149
510 340 279
510 590 409
490 290 189
560 370 279
490 550 429
520 550 419
510 560 409
500 150 99
530 360 239
520 250 149
520 370 259
370 410 349
500 560 419
480 380 249
490 490 319
490 510 349
510 220 159
490 180 179
520 290 189
500 130 119
460 360 199
510 140 89
490 250 169
430 430 319
500 530 459
150 260 439
520 550 429
500 310 229
500 600 399
740 300 379
490 310 199
480 360 239
550 370 109
520 590 409
520 210 149
550 380 109
490 440 289
510 500 409
490 80 59
270 310 369
470 310 219
100 190 529
500 490 329
600 380 319
460 340 199
510 280 209
500 140 99
630 400 359
500 480 349
490 510 329
520 520 389
210 290 409
870 220 489
500 290 179
490 180 139
510 430 309
470 460 319
500 540 419
500 70 59
500 210 139
450 280 199
520 530 399
380 400 349
490 390 239
540 300 209
980 30 599
490 150 89
540 400 269
450 350 179
460 410 159
710 420 429
900 190 549
510 510 389
540 370 119
490 160 119
510 520 339
550 340 169
540 460 289
510 250 159
510 390 219
540 530 449
480 220 149
540 290 149
500 530 399
500 560 439
540 360 109
520 500 329
540 360 129
410 410 329
520 490 319
520 450 269
540 440 309
490 210 129
500 580 409
640 330 329
510 580 399
530 290 189
700 370 389
530 290 199
510 570 409
670 410 399
520 500 309
490 480 319
840 160 369
500 250 189
500 520 369
510 540 439
510 170 109
500 600 389
530 340 179
500 100 79
520 530 459
510 180 139
490 570 419
490 330 249
470 250 169
540 320 179
440 310 199
190 270 409
540 460 319
750 420 469
480 530 449
450 450 319
650 410 369
820 420 509
500 120 79
500 460 289
540 300 129
570 440 329
240 230 359
490 450 269
490 280 219
130 230 449
510 530 419
460 370 169
500 580 399
530 330 159
900 130 509
510 190 129
460 500 469
640 400 349
490 210 159
480 530 439
860 180 419
460 290 199
470 450 299
450 330 219
510 610 379
480 240 149
550 370 219
510 350 209
520 520 399
530 530 439
500 500 369
510 490 499
490 570 409
490 120 89
550 500 449
500 570 399
400 420 339
520 520 349
490 90 69
490 510 379
490 240 179
510 130 99
520 460 289
530 330 199
500 400 279
460 390 169
480 490 489
520 210 129
510 160 119
510 600 379
450 330 149
500 590 409
610 420 339
790 280 419
510 330 229
490 110 69
500 90 59
500 190 139
520 500 369
540 360 119
790 350 459
490 130 79
550 380 129
290 420 419
530 440 279
500 570 429
500 230 139
520 390 239
540 410 259
540 320 129
520 480 289
500 550 409
500 520 399
520 310 209
210 420 489
840 250 429
500 110 69
360 410 369
540 340 129
90 130 519
490 370 259
550 360 109
700 410 409
480 420 259
760 220 379
520 540 409
530 530 429
540 310 149
490 350 219
530 380 279
520 550 399
500 600 379
460 370 209
520 580 419
800 420 499
510 310 179
580 420 329
490 520 409
460 390 269
490 110 89
520 340 259
520 350 229
490 230 159
390 320 309
540 340 169
520 560 439
490 60 39
530 330 209
500 130 89
500 590 389
490 130 99
500 350 189
540 360 169
520 500 359
500 380 219
490 90 59
520 460 309
