790.000000 280.000000 420.000000
750.000000 420.000000 470.000000
510.000000 530.000000 460.000000
520.000000 400.000000 290.000000
520.000000 350.000000 240.000000
490.000000 340.000000 250.000000
540.000000 340.000000 170.000000
500.000000 370.000000 270.000000
530.000000 420.000000 250.000000
490.000000 450.000000 300.000000
520.000000 390.000000 240.000000
460.000000 350.000000 210.000000
510.000000 390.000000 220.000000
450.000000 360.000000 180.000000
490.000000 180.000000 140.000000
460.000000 340.000000 200.000000
450.000000 300.000000 190.000000
410.000000 410.000000 330.000000
290.000000 420.000000 420.000000
200.000000 430.000000 480.000000
