340.000000 416.000000 386.000000
410.000000 403.000000 327.000000
460.000000 385.000000 282.000000
447.000000 317.000000 190.000000
460.000000 333.000000 227.000000
458.000000 298.000000 198.000000
467.000000 303.000000 220.000000
457.000000 370.000000 163.000000
485.000000 432.000000 290.000000
487.000000 287.000000 217.000000
507.000000 397.000000 290.000000
515.000000 335.000000 225.000000
494.000000 256.000000 168.000000
525.000000 335.000000 255.000000
492.000000 500.000000 318.000000
495.000000 175.000000 145.000000
570.000000 443.000000 323.000000
675.000000 415.000000 395.000000
750.000000 417.000000 460.000000
