790.000000 277.000000 413.000000
643.000000 310.000000 323.000000
494.000000 54.000000 42.000000
525.000000 335.000000 255.000000
486.000000 281.000000 187.000000
508.000000 332.000000 282.000000
600.000000 395.000000 325.000000
675.000000 415.000000 395.000000
565.000000 385.000000 290.000000
523.000000 370.000000 267.000000
500.000000 350.000000 200.000000
527.000000 387.000000 243.000000
507.000000 397.000000 290.000000
540.000000 433.000000 300.000000
485.000000 432.000000 290.000000
525.000000 458.000000 315.000000
410.000000 403.000000 327.000000
508.000000 476.000000 348.000000
495.000000 470.000000 325.000000
213.000000 425.000000 479.000000
