580.000000 420.000000 330.000000
520.000000 480.000000 290.000000
530.000000 420.000000 250.000000
480.000000 490.000000 490.000000
500.000000 480.000000 350.000000
520.000000 390.000000 240.000000
510.000000 330.000000 230.000000
510.000000 390.000000 220.000000
520.000000 340.000000 260.000000
480.000000 310.000000 210.000000
490.000000 330.000000 250.000000
520.000000 270.000000 170.000000
450.000000 330.000000 220.000000
480.000000 280.000000 210.000000
490.000000 180.000000 140.000000
200.000000 420.000000 480.000000
160.000000 170.000000 350.000000
