620.000000 83.000000 97.000000
670.000000 83.000000 97.000000
405.000000 188.000000 95.000000
475.000000 250.000000 300.000000
465.000000 222.000000 95.000000
530.000000 265.000000 300.000000
535.000000 265.000000 175.000000
558.000000 245.000000 92.000000
423.000000 253.000000 277.000000
470.000000 250.000000 360.000000
415.000000 248.000000 165.000000
520.000000 265.000000 360.000000
493.000000 253.000000 380.000000
585.000000 285.000000 125.000000
787.000000 187.000000 87.000000
585.000000 280.000000 100.000000
590.000000 303.000000 180.000000
425.000000 255.000000 385.000000
380.000000 262.000000 172.000000
375.000000 265.000000 280.000000
390.000000 263.000000 343.000000
605.000000 300.000000 110.000000
605.000000 315.000000 155.000000
568.000000 315.000000 340.000000
263.000000 170.000000 93.000000
400.000000 275.000000 398.000000
615.000000 350.000000 220.000000
602.000000 350.000000 290.000000
338.000000 292.000000 248.000000
625.000000 325.000000 95.000000
623.000000 360.000000 180.000000
453.000000 357.000000 387.000000
623.000000 393.000000 273.000000
309.000000 309.000000 133.000000
308.000000 342.000000 273.000000
645.000000 400.000000 150.000000
520.000000 400.000000 380.000000
645.000000 418.000000 198.000000
484.000000 396.000000 424.000000
518.000000 432.000000 378.000000
695.000000 445.000000 135.000000
748.000000 418.000000 82.000000
138.000000 252.000000 96.000000
455.000000 470.000000 385.000000
868.000000 388.000000 72.000000
553.000000 563.000000 90.000000
377.000000 553.000000 90.000000
370.000000 560.000000 360.000000
633.000000 597.000000 313.000000
640.000000 602.000000 262.000000
875.000000 505.000000 75.000000
463.000000 610.000000 400.000000
380.000000 600.000000 375.000000
244.000000 556.000000 110.000000
660.000000 630.000000 110.000000
250.000000 573.000000 153.000000
645.000000 645.000000 145.000000
45.000000 435.000000 100.000000
390.000000 640.000000 400.000000
330.000000 650.000000 345.000000
320.000000 670.000000 315.000000
278.000000 660.000000 140.000000
267.000000 657.000000 113.000000
495.000000 715.000000 415.000000
335.000000 705.000000 275.000000
525.000000 745.000000 285.000000
534.000000 760.000000 136.000000
501.000000 776.000000 108.000000
630.000000 780.000000 95.000000
290.000000 915.000000 55.000000
