520.000000 265.000000 360.000000
370.000000 60.000000 108.000000
457.000000 250.000000 237.000000
512.000000 260.000000 245.000000
437.000000 113.000000 107.000000
390.000000 260.000000 232.000000
450.000000 250.000000 205.000000
568.000000 315.000000 340.000000
497.000000 250.000000 183.000000
620.000000 83.000000 97.000000
340.000000 130.000000 98.000000
460.000000 248.000000 155.000000
520.000000 170.000000 95.000000
405.000000 188.000000 95.000000
575.000000 285.000000 200.000000
490.000000 200.000000 90.000000
408.000000 244.000000 124.000000
433.000000 232.000000 93.000000
190.000000 125.000000 100.000000
708.000000 172.000000 90.000000
615.000000 245.000000 90.000000
585.000000 280.000000 100.000000
305.000000 278.000000 95.000000
730.000000 267.000000 83.000000
610.000000 390.000000 85.000000
740.000000 337.000000 87.000000
180.000000 345.000000 90.000000
825.000000 292.000000 82.000000
643.000000 530.000000 260.000000
215.000000 430.000000 95.000000
147.000000 403.000000 97.000000
87.000000 430.000000 97.000000
830.000000 433.000000 77.000000
780.000000 485.000000 80.000000
45.000000 435.000000 100.000000
180.000000 528.000000 95.000000
275.000000 640.000000 190.000000
750.000000 585.000000 85.000000
145.000000 585.000000 95.000000
875.000000 530.000000 70.000000
310.000000 695.000000 175.000000
420.000000 750.000000 285.000000
530.000000 745.000000 255.000000
513.000000 757.000000 223.000000
55.000000 610.000000 90.000000
462.000000 762.000000 188.000000
95.000000 640.000000 95.000000
380.000000 750.000000 145.000000
495.000000 770.000000 145.000000
610.000000 755.000000 95.000000
785.000000 700.000000 85.000000
830.000000 722.000000 78.000000
95.000000 735.000000 85.000000
445.000000 822.000000 92.000000
730.000000 780.000000 85.000000
778.000000 812.000000 82.000000
730.000000 890.000000 80.000000
290.000000 915.000000 55.000000
440.000000 970.000000 30.000000
