275.000000 640.000000 190.000000
293.000000 677.000000 200.000000
265.000000 538.000000 258.000000
252.000000 512.000000 195.000000
235.000000 507.000000 112.000000
310.000000 695.000000 175.000000
300.000000 600.000000 320.000000
320.000000 670.000000 315.000000
335.000000 705.000000 275.000000
322.000000 732.000000 122.000000
350.000000 733.000000 183.000000
355.000000 695.000000 370.000000
370.000000 730.000000 315.000000
380.000000 750.000000 145.000000
247.000000 387.000000 103.000000
390.000000 740.000000 295.000000
273.000000 387.000000 163.000000
400.000000 745.000000 255.000000
397.000000 753.000000 190.000000
370.000000 560.000000 360.000000
387.000000 773.000000 110.000000
380.000000 600.000000 375.000000
420.000000 750.000000 285.000000
290.000000 350.000000 167.000000
428.000000 740.000000 365.000000
395.000000 520.000000 375.000000
347.000000 947.000000 43.000000
400.000000 540.000000 405.000000
450.000000 740.000000 340.000000
373.000000 427.000000 360.000000
446.000000 724.000000 408.000000
400.000000 480.000000 405.000000
360.000000 375.000000 362.000000
330.000000 330.000000 335.000000
309.000000 309.000000 133.000000
435.000000 540.000000 425.000000
463.000000 610.000000 400.000000
133.000000 183.000000 103.000000
305.000000 278.000000 95.000000
433.000000 473.000000 423.000000
440.000000 925.000000 58.000000
525.000000 745.000000 285.000000
525.000000 735.000000 370.000000
455.000000 430.000000 400.000000
518.000000 656.000000 430.000000
373.000000 287.000000 383.000000
386.000000 302.000000 400.000000
408.000000 330.000000 422.000000
555.000000 715.000000 375.000000
453.000000 357.000000 387.000000
190.000000 125.000000 100.000000
558.000000 615.000000 370.000000
590.000000 705.000000 255.000000
435.000000 295.000000 405.000000
475.000000 340.000000 410.000000
450.000000 250.000000 205.000000
615.000000 715.000000 100.000000
545.000000 360.000000 370.000000
465.000000 222.000000 95.000000
660.000000 630.000000 110.000000
537.000000 290.000000 383.000000
535.000000 265.000000 175.000000
673.000000 567.000000 137.000000
490.000000 200.000000 90.000000
682.000000 585.000000 128.000000
605.000000 315.000000 155.000000
688.000000 555.000000 108.000000
675.000000 475.000000 135.000000
636.000000 358.000000 134.000000
625.000000 325.000000 95.000000
695.000000 445.000000 135.000000
662.000000 372.000000 100.000000
735.000000 860.000000 85.000000
