675.000000 735.000000 95.000000
578.000000 800.000000 95.000000
560.000000 740.000000 207.000000
620.000000 665.000000 255.000000
600.000000 685.000000 302.000000
538.000000 755.000000 173.000000
550.000000 725.000000 325.000000
645.000000 630.000000 210.000000
570.000000 710.000000 350.000000
525.000000 745.000000 285.000000
615.000000 640.000000 322.000000
555.000000 715.000000 375.000000
657.000000 607.000000 170.000000
525.000000 735.000000 370.000000
475.000000 760.000000 255.000000
633.000000 597.000000 313.000000
497.000000 740.000000 390.000000
673.000000 567.000000 137.000000
657.000000 560.000000 190.000000
475.000000 745.000000 365.000000
643.000000 530.000000 260.000000
600.000000 560.000000 338.000000
696.000000 498.000000 134.000000
620.000000 508.000000 310.000000
652.000000 485.000000 215.000000
347.000000 947.000000 43.000000
660.000000 440.000000 160.000000
350.000000 707.000000 333.000000
535.000000 470.000000 355.000000
610.000000 420.000000 315.000000
645.000000 400.000000 150.000000
868.000000 388.000000 72.000000
486.000000 503.000000 429.000000
280.000000 770.000000 100.000000
585.000000 405.000000 335.000000
400.000000 540.000000 405.000000
623.000000 360.000000 180.000000
583.000000 357.000000 340.000000
207.000000 830.000000 80.000000
400.000000 480.000000 405.000000
545.000000 360.000000 370.000000
825.000000 292.000000 82.000000
523.000000 330.000000 403.000000
585.000000 280.000000 100.000000
244.000000 532.000000 144.000000
500.000000 325.000000 425.000000
535.000000 265.000000 175.000000
360.000000 375.000000 362.000000
520.000000 265.000000 360.000000
500.000000 257.000000 340.000000
527.000000 240.000000 107.000000
273.000000 387.000000 163.000000
708.000000 172.000000 90.000000
423.000000 253.000000 363.000000
415.000000 248.000000 165.000000
247.000000 387.000000 103.000000
375.000000 275.000000 365.000000
408.000000 244.000000 124.000000
342.000000 280.000000 185.000000
305.000000 278.000000 95.000000
147.000000 403.000000 97.000000
550.000000 80.000000 103.000000
