235.000000 495.000000 137.000000
252.000000 512.000000 195.000000
255.000000 450.000000 175.000000
265.000000 538.000000 258.000000
263.000000 607.000000 170.000000
215.000000 690.000000 100.000000
247.000000 387.000000 103.000000
273.000000 387.000000 163.000000
293.000000 410.000000 297.000000
133.000000 183.000000 103.000000
290.000000 350.000000 167.000000
255.000000 320.000000 90.000000
310.000000 623.000000 330.000000
308.000000 342.000000 273.000000
330.000000 527.000000 343.000000
310.000000 695.000000 175.000000
320.000000 670.000000 315.000000
317.000000 310.000000 190.000000
309.000000 309.000000 133.000000
207.000000 830.000000 80.000000
335.000000 705.000000 275.000000
305.000000 278.000000 95.000000
338.000000 292.000000 248.000000
322.000000 732.000000 122.000000
373.000000 427.000000 360.000000
350.000000 733.000000 183.000000
380.000000 600.000000 375.000000
355.000000 695.000000 370.000000
385.000000 360.000000 385.000000
400.000000 480.000000 405.000000
400.000000 540.000000 405.000000
390.000000 640.000000 400.000000
293.000000 843.000000 90.000000
386.000000 684.000000 420.000000
386.000000 302.000000 400.000000
412.000000 562.000000 440.000000
390.000000 263.000000 343.000000
397.000000 753.000000 190.000000
267.000000 92.000000 102.000000
420.000000 750.000000 285.000000
408.000000 244.000000 124.000000
453.000000 357.000000 387.000000
290.000000 915.000000 55.000000
450.000000 740.000000 340.000000
472.000000 650.000000 395.000000
484.000000 396.000000 424.000000
377.000000 877.000000 77.000000
475.000000 760.000000 255.000000
475.000000 745.000000 365.000000
512.000000 260.000000 245.000000
501.000000 776.000000 108.000000
525.000000 735.000000 370.000000
535.000000 265.000000 175.000000
555.000000 715.000000 375.000000
605.000000 300.000000 110.000000
578.000000 800.000000 95.000000
625.000000 325.000000 95.000000
620.000000 290.000000 90.000000
660.000000 630.000000 110.000000
673.000000 567.000000 137.000000
688.000000 555.000000 108.000000
695.000000 445.000000 135.000000
720.000000 500.000000 85.000000
785.000000 700.000000 85.000000
875.000000 505.000000 75.000000
