410.000000 520.000000 435.000000
414.000000 696.000000 432.000000
360.000000 375.000000 362.000000
320.000000 580.000000 340.000000
585.000000 405.000000 335.000000
583.000000 357.000000 340.000000
610.000000 420.000000 315.000000
350.000000 707.000000 333.000000
652.000000 485.000000 215.000000
645.000000 630.000000 210.000000
660.000000 497.000000 170.000000
660.000000 440.000000 160.000000
497.000000 250.000000 183.000000
250.000000 573.000000 153.000000
636.000000 358.000000 134.000000
380.000000 750.000000 145.000000
495.000000 770.000000 145.000000
