700.000000 544.000000 102.000000
682.000000 585.000000 128.000000
696.000000 498.000000 134.000000
692.000000 582.000000 98.000000
685.000000 578.000000 112.000000
645.000000 630.000000 210.000000
645.000000 645.000000 145.000000
675.000000 735.000000 95.000000
660.000000 440.000000 160.000000
645.000000 418.000000 198.000000
600.000000 685.000000 302.000000
600.000000 560.000000 338.000000
645.000000 400.000000 150.000000
623.000000 393.000000 273.000000
590.000000 720.000000 162.000000
585.000000 705.000000 320.000000
610.000000 420.000000 315.000000
636.000000 358.000000 134.000000
623.000000 360.000000 180.000000
570.000000 710.000000 350.000000
567.000000 667.000000 380.000000
615.000000 350.000000 220.000000
560.000000 740.000000 207.000000
685.000000 925.000000 75.000000
548.000000 692.000000 410.000000
583.000000 357.000000 340.000000
527.000000 737.000000 343.000000
590.000000 303.000000 180.000000
510.000000 490.000000 383.000000
545.000000 360.000000 370.000000
585.000000 285.000000 125.000000
708.000000 172.000000 90.000000
560.000000 288.000000 270.000000
486.000000 503.000000 429.000000
550.000000 285.000000 340.000000
463.000000 610.000000 400.000000
472.000000 728.000000 402.000000
523.000000 330.000000 403.000000
537.000000 290.000000 383.000000
484.000000 396.000000 424.000000
500.000000 890.000000 83.000000
512.000000 260.000000 245.000000
540.000000 955.000000 45.000000
475.000000 340.000000 410.000000
423.000000 590.000000 437.000000
386.000000 684.000000 420.000000
458.000000 276.000000 394.000000
450.000000 250.000000 205.000000
408.000000 330.000000 422.000000
423.000000 253.000000 363.000000
425.000000 255.000000 385.000000
550.000000 80.000000 103.000000
375.000000 275.000000 365.000000
342.000000 280.000000 185.000000
267.000000 657.000000 113.000000
480.000000 75.000000 105.000000
273.000000 387.000000 163.000000
