500.000000 890.000000 83.000000
560.000000 740.000000 207.000000
530.000000 745.000000 255.000000
525.000000 745.000000 285.000000
590.000000 705.000000 255.000000
462.000000 762.000000 188.000000
550.000000 725.000000 325.000000
585.000000 705.000000 320.000000
525.000000 735.000000 370.000000
570.000000 710.000000 350.000000
600.000000 685.000000 302.000000
555.000000 715.000000 375.000000
475.000000 745.000000 365.000000
622.000000 680.000000 158.000000
400.000000 745.000000 255.000000
428.000000 740.000000 365.000000
387.000000 773.000000 110.000000
495.000000 715.000000 415.000000
390.000000 740.000000 295.000000
567.000000 667.000000 380.000000
615.000000 640.000000 322.000000
380.000000 750.000000 145.000000
645.000000 630.000000 210.000000
370.000000 730.000000 315.000000
660.000000 630.000000 110.000000
350.000000 733.000000 183.000000
657.000000 607.000000 170.000000
350.000000 707.000000 333.000000
657.000000 560.000000 190.000000
673.000000 567.000000 137.000000
555.000000 570.000000 365.000000
320.000000 670.000000 315.000000
643.000000 530.000000 260.000000
207.000000 830.000000 80.000000
652.000000 485.000000 215.000000
820.000000 520.000000 77.000000
412.000000 562.000000 440.000000
675.000000 475.000000 135.000000
435.000000 540.000000 425.000000
510.000000 490.000000 383.000000
535.000000 470.000000 355.000000
875.000000 505.000000 75.000000
262.000000 572.000000 216.000000
455.000000 470.000000 385.000000
585.000000 405.000000 335.000000
244.000000 532.000000 144.000000
455.000000 430.000000 400.000000
636.000000 358.000000 134.000000
583.000000 357.000000 340.000000
545.000000 360.000000 370.000000
250.000000 467.000000 150.000000
240.000000 467.000000 113.000000
453.000000 357.000000 387.000000
523.000000 330.000000 403.000000
273.000000 387.000000 163.000000
585.000000 285.000000 125.000000
408.000000 330.000000 422.000000
825.000000 292.000000 82.000000
535.000000 265.000000 175.000000
70.000000 517.000000 97.000000
342.000000 280.000000 185.000000
425.000000 255.000000 385.000000
408.000000 244.000000 124.000000
550.000000 80.000000 103.000000
207.000000 180.000000 93.000000
267.000000 92.000000 102.000000
