263.000000 170.000000 93.000000
370.000000 60.000000 108.000000
340.000000 130.000000 98.000000
437.000000 113.000000 107.000000
338.000000 292.000000 248.000000
375.000000 265.000000 280.000000
305.000000 278.000000 95.000000
317.000000 310.000000 190.000000
375.000000 275.000000 365.000000
88.000000 330.000000 97.000000
290.000000 350.000000 167.000000
450.000000 250.000000 205.000000
423.000000 253.000000 363.000000
373.000000 287.000000 383.000000
433.000000 232.000000 93.000000
425.000000 255.000000 385.000000
460.000000 248.000000 155.000000
400.000000 275.000000 398.000000
465.000000 222.000000 95.000000
280.000000 390.000000 228.000000
43.000000 367.000000 103.000000
435.000000 295.000000 405.000000
512.000000 260.000000 245.000000
493.000000 253.000000 380.000000
517.000000 223.000000 90.000000
530.000000 265.000000 300.000000
450.000000 320.000000 395.000000
272.000000 450.000000 268.000000
248.000000 435.000000 105.000000
255.000000 450.000000 175.000000
453.000000 357.000000 387.000000
418.000000 366.000000 430.000000
557.000000 273.000000 150.000000
475.000000 340.000000 410.000000
585.000000 285.000000 125.000000
252.000000 512.000000 195.000000
670.000000 83.000000 97.000000
455.000000 430.000000 400.000000
244.000000 532.000000 144.000000
708.000000 172.000000 90.000000
485.000000 470.000000 438.000000
377.000000 553.000000 90.000000
610.000000 420.000000 315.000000
645.000000 400.000000 150.000000
662.000000 372.000000 100.000000
423.000000 590.000000 437.000000
278.000000 660.000000 140.000000
293.000000 677.000000 200.000000
390.000000 640.000000 400.000000
386.000000 684.000000 420.000000
373.000000 700.000000 390.000000
414.000000 696.000000 432.000000
640.000000 602.000000 262.000000
673.000000 567.000000 137.000000
645.000000 645.000000 145.000000
660.000000 630.000000 110.000000
555.000000 715.000000 375.000000
495.000000 770.000000 145.000000
534.000000 760.000000 136.000000
675.000000 735.000000 95.000000
