410.000000 520.000000 435.000000
414.000000 696.000000 432.000000
545.000000 360.000000 370.000000
360.000000 375.000000 362.000000
320.000000 580.000000 340.000000
585.000000 405.000000 335.000000
583.000000 357.000000 340.000000
610.000000 420.000000 315.000000
450.000000 740.000000 340.000000
350.000000 707.000000 333.000000
643.000000 530.000000 260.000000
420.000000 750.000000 285.000000
400.000000 745.000000 255.000000
652.000000 485.000000 215.000000
530.000000 745.000000 255.000000
512.000000 260.000000 245.000000
645.000000 630.000000 210.000000
645.000000 418.000000 198.000000
575.000000 285.000000 200.000000
450.000000 250.000000 205.000000
660.000000 497.000000 170.000000
660.000000 440.000000 160.000000
497.000000 250.000000 183.000000
250.000000 573.000000 153.000000
460.000000 248.000000 155.000000
636.000000 358.000000 134.000000
380.000000 750.000000 145.000000
495.000000 770.000000 145.000000
235.000000 507.000000 112.000000
408.000000 244.000000 124.000000
680.000000 660.000000 95.000000
180.000000 528.000000 95.000000
715.000000 670.000000 85.000000
445.000000 822.000000 92.000000
740.000000 337.000000 87.000000
87.000000 430.000000 97.000000
293.000000 843.000000 90.000000
95.000000 640.000000 95.000000
340.000000 130.000000 98.000000
730.000000 780.000000 85.000000
830.000000 433.000000 77.000000
377.000000 877.000000 77.000000
45.000000 435.000000 100.000000
55.000000 610.000000 90.000000
825.000000 292.000000 82.000000
95.000000 735.000000 85.000000
875.000000 530.000000 70.000000
830.000000 722.000000 78.000000
290.000000 915.000000 55.000000
730.000000 890.000000 80.000000
440.000000 970.000000 30.000000
