730.000000 267.000000 83.000000
695.000000 445.000000 135.000000
835.000000 602.000000 75.000000
652.000000 485.000000 215.000000
660.000000 497.000000 170.000000
605.000000 315.000000 155.000000
610.000000 420.000000 315.000000
657.000000 560.000000 190.000000
585.000000 285.000000 125.000000
620.000000 508.000000 310.000000
692.000000 582.000000 98.000000
585.000000 405.000000 335.000000
557.000000 273.000000 150.000000
545.000000 275.000000 210.000000
657.000000 607.000000 170.000000
550.000000 285.000000 340.000000
640.000000 602.000000 262.000000
535.000000 265.000000 175.000000
633.000000 597.000000 313.000000
530.000000 265.000000 300.000000
545.000000 360.000000 370.000000
600.000000 560.000000 338.000000
512.000000 260.000000 245.000000
645.000000 645.000000 145.000000
520.000000 400.000000 380.000000
497.000000 250.000000 183.000000
500.000000 257.000000 340.000000
518.000000 432.000000 378.000000
620.000000 665.000000 255.000000
510.000000 295.000000 420.000000
550.000000 80.000000 103.000000
500.000000 325.000000 425.000000
553.000000 563.000000 90.000000
622.000000 680.000000 158.000000
530.000000 533.000000 370.000000
510.000000 490.000000 383.000000
475.000000 340.000000 410.000000
600.000000 685.000000 302.000000
607.000000 697.000000 213.000000
450.000000 250.000000 205.000000
675.000000 735.000000 95.000000
527.000000 33.000000 103.000000
585.000000 705.000000 320.000000
455.000000 430.000000 400.000000
590.000000 720.000000 162.000000
455.000000 470.000000 385.000000
435.000000 295.000000 405.000000
570.000000 710.000000 350.000000
465.000000 555.000000 402.000000
418.000000 366.000000 430.000000
548.000000 692.000000 410.000000
560.000000 740.000000 207.000000
422.000000 415.000000 430.000000
433.000000 473.000000 423.000000
735.000000 860.000000 85.000000
463.000000 610.000000 400.000000
435.000000 540.000000 425.000000
373.000000 287.000000 383.000000
472.000000 650.000000 395.000000
342.000000 280.000000 185.000000
578.000000 800.000000 95.000000
495.000000 715.000000 415.000000
315.000000 388.000000 330.000000
309.000000 309.000000 133.000000
283.000000 343.000000 127.000000
428.000000 740.000000 365.000000
420.000000 750.000000 285.000000
270.000000 365.000000 98.000000
248.000000 435.000000 105.000000
335.000000 705.000000 275.000000
244.000000 532.000000 144.000000
250.000000 573.000000 153.000000
235.000000 507.000000 112.000000
267.000000 657.000000 113.000000
95.000000 640.000000 95.000000
