147.000000 673.000000 93.000000
350.000000 733.000000 183.000000
335.000000 705.000000 275.000000
275.000000 640.000000 190.000000
285.000000 640.000000 240.000000
320.000000 670.000000 315.000000
263.000000 607.000000 170.000000
355.000000 695.000000 370.000000
330.000000 650.000000 345.000000
310.000000 623.000000 330.000000
428.000000 740.000000 365.000000
462.000000 762.000000 188.000000
475.000000 760.000000 255.000000
320.000000 580.000000 340.000000
495.000000 770.000000 145.000000
475.000000 745.000000 365.000000
244.000000 532.000000 144.000000
285.000000 540.000000 300.000000
472.000000 728.000000 402.000000
410.000000 627.000000 440.000000
280.000000 490.000000 292.000000
495.000000 715.000000 415.000000
250.000000 467.000000 150.000000
272.000000 450.000000 268.000000
45.000000 435.000000 100.000000
590.000000 705.000000 255.000000
410.000000 520.000000 435.000000
567.000000 667.000000 380.000000
293.000000 410.000000 297.000000
630.000000 780.000000 95.000000
620.000000 665.000000 255.000000
615.000000 640.000000 322.000000
486.000000 503.000000 429.000000
412.000000 448.000000 438.000000
660.000000 630.000000 110.000000
735.000000 860.000000 85.000000
357.000000 323.000000 367.000000
673.000000 567.000000 137.000000
408.000000 330.000000 422.000000
778.000000 812.000000 82.000000
386.000000 302.000000 400.000000
373.000000 287.000000 383.000000
785.000000 700.000000 85.000000
435.000000 295.000000 405.000000
670.000000 420.000000 127.000000
636.000000 358.000000 134.000000
535.000000 265.000000 175.000000
605.000000 315.000000 155.000000
465.000000 222.000000 95.000000
625.000000 325.000000 95.000000
585.000000 280.000000 100.000000
875.000000 530.000000 70.000000
