88.000000 330.000000 97.000000
87.000000 430.000000 97.000000
247.000000 387.000000 103.000000
308.000000 342.000000 273.000000
305.000000 278.000000 95.000000
255.000000 450.000000 175.000000
303.000000 308.000000 93.000000
248.000000 435.000000 105.000000
293.000000 410.000000 297.000000
330.000000 330.000000 335.000000
235.000000 495.000000 137.000000
252.000000 512.000000 195.000000
375.000000 265.000000 280.000000
373.000000 255.000000 118.000000
375.000000 275.000000 365.000000
390.000000 263.000000 343.000000
360.000000 375.000000 362.000000
408.000000 244.000000 124.000000
423.000000 253.000000 277.000000
250.000000 573.000000 153.000000
400.000000 275.000000 398.000000
385.000000 360.000000 385.000000
423.000000 253.000000 363.000000
425.000000 255.000000 385.000000
330.000000 527.000000 343.000000
370.000000 475.000000 355.000000
457.000000 250.000000 237.000000
263.000000 607.000000 170.000000
300.000000 600.000000 320.000000
320.000000 580.000000 340.000000
470.000000 250.000000 360.000000
275.000000 640.000000 190.000000
422.000000 415.000000 430.000000
400.000000 480.000000 405.000000
310.000000 623.000000 330.000000
412.000000 448.000000 438.000000
512.000000 260.000000 245.000000
433.000000 473.000000 423.000000
293.000000 677.000000 200.000000
410.000000 520.000000 435.000000
517.000000 223.000000 90.000000
320.000000 670.000000 315.000000
380.000000 600.000000 375.000000
537.000000 290.000000 383.000000
412.000000 562.000000 440.000000
355.000000 695.000000 370.000000
585.000000 285.000000 125.000000
373.000000 700.000000 390.000000
386.000000 684.000000 420.000000
463.000000 610.000000 400.000000
400.000000 745.000000 255.000000
625.000000 325.000000 95.000000
397.000000 753.000000 190.000000
420.000000 750.000000 285.000000
472.000000 728.000000 402.000000
525.000000 745.000000 285.000000
495.000000 770.000000 145.000000
640.000000 602.000000 262.000000
660.000000 630.000000 110.000000
680.000000 660.000000 95.000000
