88.000000 330.000000 97.000000
247.000000 387.000000 103.000000
280.000000 390.000000 228.000000
273.000000 387.000000 163.000000
180.000000 528.000000 95.000000
248.000000 435.000000 105.000000
235.000000 495.000000 137.000000
272.000000 450.000000 268.000000
317.000000 310.000000 190.000000
303.000000 308.000000 93.000000
305.000000 278.000000 95.000000
285.000000 540.000000 300.000000
375.000000 265.000000 280.000000
263.000000 607.000000 170.000000
360.000000 375.000000 362.000000
380.000000 262.000000 172.000000
390.000000 260.000000 232.000000
390.000000 263.000000 343.000000
300.000000 600.000000 320.000000
275.000000 640.000000 190.000000
386.000000 302.000000 400.000000
370.000000 475.000000 355.000000
320.000000 580.000000 340.000000
408.000000 244.000000 124.000000
293.000000 677.000000 200.000000
400.000000 480.000000 405.000000
395.000000 520.000000 375.000000
435.000000 295.000000 405.000000
320.000000 670.000000 315.000000
422.000000 415.000000 430.000000
450.000000 320.000000 395.000000
400.000000 540.000000 405.000000
437.000000 113.000000 107.000000
455.000000 430.000000 400.000000
335.000000 705.000000 275.000000
412.000000 562.000000 440.000000
512.000000 260.000000 245.000000
355.000000 695.000000 370.000000
484.000000 396.000000 424.000000
423.000000 590.000000 437.000000
520.000000 265.000000 360.000000
373.000000 700.000000 390.000000
465.000000 555.000000 402.000000
386.000000 684.000000 420.000000
537.000000 290.000000 383.000000
530.000000 533.000000 370.000000
420.000000 750.000000 285.000000
585.000000 285.000000 125.000000
585.000000 280.000000 100.000000
605.000000 315.000000 155.000000
446.000000 724.000000 408.000000
605.000000 300.000000 110.000000
472.000000 728.000000 402.000000
475.000000 745.000000 365.000000
518.000000 656.000000 430.000000
625.000000 325.000000 95.000000
495.000000 770.000000 145.000000
525.000000 745.000000 285.000000
525.000000 735.000000 370.000000
501.000000 776.000000 108.000000
555.000000 715.000000 375.000000
534.000000 760.000000 136.000000
695.000000 445.000000 135.000000
673.000000 567.000000 137.000000
660.000000 630.000000 110.000000
720.000000 500.000000 85.000000
675.000000 735.000000 95.000000
820.000000 520.000000 77.000000
