675.000000 735.000000 95.000000
645.000000 645.000000 145.000000
657.000000 607.000000 170.000000
607.000000 697.000000 213.000000
692.000000 582.000000 98.000000
610.000000 755.000000 95.000000
657.000000 560.000000 190.000000
696.000000 498.000000 134.000000
570.000000 710.000000 350.000000
550.000000 725.000000 325.000000
660.000000 497.000000 170.000000
538.000000 755.000000 173.000000
530.000000 745.000000 255.000000
555.000000 715.000000 375.000000
567.000000 667.000000 380.000000
534.000000 760.000000 136.000000
525.000000 745.000000 285.000000
600.000000 560.000000 338.000000
527.000000 737.000000 343.000000
868.000000 388.000000 72.000000
548.000000 692.000000 410.000000
525.000000 735.000000 370.000000
660.000000 440.000000 160.000000
500.000000 890.000000 83.000000
462.000000 762.000000 188.000000
495.000000 715.000000 415.000000
475.000000 745.000000 365.000000
645.000000 400.000000 150.000000
450.000000 740.000000 340.000000
535.000000 470.000000 355.000000
623.000000 360.000000 180.000000
636.000000 358.000000 134.000000
510.000000 490.000000 383.000000
400.000000 745.000000 255.000000
602.000000 350.000000 290.000000
583.000000 357.000000 340.000000
486.000000 503.000000 429.000000
595.000000 315.000000 240.000000
520.000000 400.000000 380.000000
423.000000 590.000000 437.000000
545.000000 360.000000 370.000000
455.000000 470.000000 385.000000
350.000000 707.000000 333.000000
568.000000 315.000000 340.000000
484.000000 396.000000 424.000000
523.000000 330.000000 403.000000
550.000000 285.000000 340.000000
347.000000 947.000000 43.000000
537.000000 290.000000 383.000000
293.000000 843.000000 90.000000
708.000000 172.000000 90.000000
450.000000 320.000000 395.000000
500.000000 257.000000 340.000000
360.000000 375.000000 362.000000
435.000000 295.000000 405.000000
408.000000 330.000000 422.000000
244.000000 532.000000 144.000000
423.000000 253.000000 363.000000
415.000000 248.000000 165.000000
250.000000 467.000000 150.000000
235.000000 507.000000 112.000000
375.000000 275.000000 365.000000
240.000000 467.000000 113.000000
273.000000 387.000000 163.000000
342.000000 280.000000 185.000000
550.000000 80.000000 103.000000
180.000000 528.000000 95.000000
305.000000 278.000000 95.000000
527.000000 33.000000 103.000000
70.000000 517.000000 97.000000
87.000000 430.000000 97.000000
