620.000000 83.000000 97.000000
670.000000 83.000000 97.000000
465.000000 222.000000 95.000000
497.000000 250.000000 183.000000
415.000000 248.000000 165.000000
517.000000 223.000000 90.000000
470.000000 250.000000 360.000000
263.000000 170.000000 93.000000
530.000000 265.000000 300.000000
423.000000 253.000000 363.000000
375.000000 265.000000 280.000000
493.000000 253.000000 380.000000
425.000000 255.000000 385.000000
520.000000 265.000000 360.000000
558.000000 245.000000 92.000000
560.000000 288.000000 270.000000
575.000000 285.000000 200.000000
375.000000 275.000000 365.000000
400.000000 275.000000 398.000000
585.000000 285.000000 125.000000
305.000000 278.000000 95.000000
595.000000 315.000000 240.000000
317.000000 310.000000 190.000000
605.000000 315.000000 155.000000
309.000000 309.000000 133.000000
523.000000 330.000000 403.000000
308.000000 342.000000 273.000000
787.000000 187.000000 87.000000
602.000000 350.000000 290.000000
615.000000 350.000000 220.000000
138.000000 252.000000 96.000000
484.000000 396.000000 424.000000
293.000000 410.000000 297.000000
645.000000 400.000000 150.000000
422.000000 415.000000 430.000000
645.000000 418.000000 198.000000
455.000000 470.000000 385.000000
433.000000 473.000000 423.000000
215.000000 430.000000 95.000000
695.000000 445.000000 135.000000
510.000000 490.000000 383.000000
395.000000 520.000000 375.000000
43.000000 367.000000 103.000000
868.000000 388.000000 72.000000
377.000000 553.000000 90.000000
370.000000 560.000000 360.000000
600.000000 560.000000 338.000000
555.000000 570.000000 365.000000
45.000000 435.000000 100.000000
320.000000 580.000000 340.000000
380.000000 600.000000 375.000000
640.000000 602.000000 262.000000
875.000000 505.000000 75.000000
330.000000 650.000000 345.000000
660.000000 630.000000 110.000000
645.000000 645.000000 145.000000
320.000000 670.000000 315.000000
278.000000 660.000000 140.000000
267.000000 657.000000 113.000000
335.000000 705.000000 275.000000
414.000000 696.000000 432.000000
555.000000 715.000000 375.000000
525.000000 745.000000 285.000000
534.000000 760.000000 136.000000
610.000000 755.000000 95.000000
