390.000000 530.000000 370.000000
410.000000 710.000000 430.000000
320.000000 330.000000 300.000000
300.000000 590.000000 320.000000
610.000000 390.000000 300.000000
730.000000 180.000000 90.000000
630.000000 410.000000 270.000000
350.000000 710.000000 320.000000
700.000000 480.000000 130.000000
710.000000 680.000000 90.000000
680.000000 500.000000 130.000000
670.000000 440.000000 130.000000
500.000000 250.000000 170.000000
240.000000 580.000000 120.000000
640.000000 350.000000 130.000000
370.000000 760.000000 120.000000
500.000000 800.000000 90.000000
