73.000000 833.000000 157.000000
44.000000 634.000000 154.000000
65.000000 620.000000 160.000000
112.000000 858.000000 154.000000
110.000000 917.000000 177.000000
160.000000 867.000000 160.000000
180.000000 853.000000 140.000000
42.000000 430.000000 152.000000
207.000000 743.000000 150.000000
65.000000 385.000000 170.000000
190.000000 550.000000 155.000000
250.000000 530.000000 155.000000
305.000000 690.000000 152.000000
40.000000 247.000000 153.000000
230.000000 425.000000 155.000000
230.000000 325.000000 155.000000
167.000000 260.000000 150.000000
300.000000 400.000000 155.000000
333.000000 430.000000 153.000000
192.000000 212.000000 152.000000
315.000000 340.000000 160.000000
220.000000 230.000000 77.000000
278.000000 252.000000 125.000000
250.000000 170.000000 155.000000
320.000000 198.000000 155.000000
295.000000 125.000000 155.000000
