300.000000 250.000000 160.000000
250.000000 340.000000 170.000000
170.000000 430.000000 170.000000
270.000000 250.000000 120.000000
210.000000 360.000000 140.000000
280.000000 120.000000 160.000000
130.000000 270.000000 170.000000
240.000000 450.000000 140.000000
300.000000 550.000000 140.000000
210.000000 90.000000 160.000000
40.000000 460.000000 160.000000
50.000000 190.000000 160.000000
60.000000 250.000000 160.000000
190.000000 640.000000 170.000000
160.000000 810.000000 160.000000
290.000000 760.000000 150.000000
30.000000 330.000000 160.000000
40.000000 270.000000 160.000000
270.000000 740.000000 120.000000
50.000000 540.000000 150.000000
80.000000 160.000000 160.000000
40.000000 300.000000 150.000000
40.000000 490.000000 160.000000
80.000000 840.000000 160.000000
60.000000 790.000000 150.000000
