52.000000 198.000000 153.000000
65.000000 250.000000 150.000000
127.000000 53.000000 153.000000
120.000000 190.000000 140.000000
145.000000 90.000000 155.000000
160.000000 142.000000 168.000000
118.000000 272.000000 155.000000
192.000000 212.000000 152.000000
97.000000 357.000000 150.000000
260.000000 218.000000 128.000000
295.000000 125.000000 155.000000
255.000000 278.000000 162.000000
278.000000 252.000000 125.000000
40.000000 540.000000 153.000000
210.000000 420.000000 155.000000
114.000000 516.000000 152.000000
165.000000 480.000000 162.000000
300.000000 400.000000 155.000000
328.000000 370.000000 152.000000
190.000000 550.000000 155.000000
250.000000 530.000000 155.000000
247.000000 607.000000 160.000000
330.000000 540.000000 160.000000
188.000000 660.000000 155.000000
160.000000 790.000000 152.000000
275.000000 745.000000 125.000000
110.000000 917.000000 177.000000
