295.000000 125.000000 155.000000
324.000000 254.000000 156.000000
253.000000 107.000000 153.000000
320.000000 298.000000 152.000000
212.000000 142.000000 140.000000
315.000000 340.000000 160.000000
328.000000 370.000000 152.000000
192.000000 212.000000 152.000000
300.000000 400.000000 155.000000
95.000000 117.000000 153.000000
337.000000 490.000000 153.000000
210.000000 420.000000 155.000000
65.000000 250.000000 150.000000
200.000000 480.000000 140.000000
53.000000 350.000000 150.000000
190.000000 550.000000 155.000000
247.000000 607.000000 160.000000
73.000000 543.000000 157.000000
188.000000 660.000000 155.000000
275.000000 745.000000 125.000000
65.000000 620.000000 160.000000
133.000000 720.000000 160.000000
292.000000 810.000000 155.000000
154.000000 756.000000 79.000000
205.000000 805.000000 152.000000
112.000000 858.000000 154.000000
217.000000 950.000000 202.000000
194.000000 970.000000 209.000000
