110.000000 917.000000 177.000000
73.000000 833.000000 157.000000
112.000000 858.000000 154.000000
70.000000 790.000000 154.000000
160.000000 867.000000 160.000000
180.000000 922.000000 182.000000
180.000000 853.000000 140.000000
190.000000 860.000000 160.000000
160.000000 790.000000 152.000000
80.000000 690.000000 150.000000
205.000000 805.000000 152.000000
133.000000 720.000000 160.000000
207.000000 743.000000 150.000000
65.000000 620.000000 160.000000
73.000000 543.000000 157.000000
247.000000 607.000000 160.000000
114.000000 516.000000 152.000000
165.000000 480.000000 162.000000
250.000000 530.000000 155.000000
160.000000 440.000000 140.000000
330.000000 540.000000 160.000000
120.000000 410.000000 140.000000
340.000000 530.000000 150.000000
323.000000 510.000000 157.000000
210.000000 420.000000 155.000000
97.000000 357.000000 150.000000
130.000000 328.000000 158.000000
300.000000 400.000000 155.000000
230.000000 325.000000 155.000000
118.000000 272.000000 155.000000
90.000000 226.000000 132.000000
278.000000 252.000000 125.000000
192.000000 212.000000 152.000000
295.000000 125.000000 155.000000
