190.000000 960.000000 210.000000
170.000000 910.000000 190.000000
210.000000 870.000000 170.000000
140.000000 890.000000 170.000000
220.000000 810.000000 160.000000
160.000000 860.000000 160.000000
60.000000 790.000000 160.000000
290.000000 750.000000 130.000000
130.000000 450.000000 170.000000
310.000000 600.000000 160.000000
310.000000 600.000000 160.000000
230.000000 430.000000 170.000000
150.000000 320.000000 170.000000
230.000000 330.000000 170.000000
40.000000 300.000000 160.000000
150.000000 420.000000 170.000000
230.000000 420.000000 140.000000
150.000000 380.000000 140.000000
200.000000 150.000000 170.000000
150.000000 120.000000 160.000000
320.000000 270.000000 160.000000
210.000000 90.000000 160.000000
150.000000 210.000000 80.000000
90.000000 220.000000 130.000000
240.000000 60.000000 160.000000
