73.000000 833.000000 157.000000
110.000000 917.000000 177.000000
132.000000 935.000000 190.000000
140.000000 900.000000 170.000000
80.000000 690.000000 150.000000
180.000000 853.000000 140.000000
205.000000 805.000000 152.000000
207.000000 743.000000 150.000000
73.000000 543.000000 157.000000
190.000000 550.000000 155.000000
183.000000 410.000000 140.000000
230.000000 425.000000 155.000000
180.000000 350.000000 155.000000
333.000000 460.000000 157.000000
300.000000 400.000000 155.000000
90.000000 226.000000 132.000000
167.000000 260.000000 150.000000
255.000000 278.000000 162.000000
192.000000 212.000000 152.000000
278.000000 252.000000 125.000000
253.000000 107.000000 153.000000
295.000000 125.000000 155.000000
196.000000 71.000000 154.000000
