340.000000 530.000000 150.000000
323.000000 510.000000 157.000000
305.000000 540.000000 140.000000
298.000000 478.000000 148.000000
250.000000 530.000000 155.000000
235.000000 460.000000 140.000000
267.000000 357.000000 140.000000
200.000000 385.000000 170.000000
183.000000 410.000000 140.000000
230.000000 325.000000 155.000000
165.000000 480.000000 162.000000
275.000000 745.000000 125.000000
160.000000 440.000000 140.000000
188.000000 660.000000 155.000000
278.000000 252.000000 125.000000
180.000000 350.000000 155.000000
207.000000 743.000000 150.000000
260.000000 218.000000 128.000000
210.000000 260.000000 160.000000
130.000000 328.000000 158.000000
133.000000 720.000000 160.000000
205.000000 805.000000 152.000000
250.000000 170.000000 155.000000
192.000000 212.000000 152.000000
155.000000 215.000000 75.000000
212.000000 142.000000 140.000000
253.000000 107.000000 153.000000
100.000000 225.000000 170.000000
160.000000 142.000000 168.000000
70.000000 790.000000 154.000000
52.000000 198.000000 153.000000
217.000000 950.000000 202.000000
