320.000000 540.000000 160.000000
310.000000 510.000000 160.000000
60.000000 600.000000 160.000000
130.000000 450.000000 170.000000
170.000000 450.000000 140.000000
250.000000 340.000000 140.000000
170.000000 410.000000 140.000000
270.000000 760.000000 120.000000
280.000000 250.000000 120.000000
160.000000 210.000000 170.000000
160.000000 860.000000 160.000000
190.000000 80.000000 160.000000
110.000000 180.000000 70.000000
200.000000 130.000000 140.000000
220.000000 50.000000 160.000000
60.000000 790.000000 150.000000
220.000000 960.000000 200.000000
