200.000000 480.000000 140.000000
160.000000 440.000000 140.000000
190.000000 550.000000 155.000000
270.000000 440.000000 140.000000
114.000000 516.000000 152.000000
230.000000 425.000000 155.000000
180.000000 412.000000 170.000000
330.000000 540.000000 160.000000
188.000000 660.000000 155.000000
305.000000 690.000000 152.000000
133.000000 720.000000 160.000000
207.000000 743.000000 150.000000
320.000000 298.000000 152.000000
50.000000 270.000000 155.000000
120.000000 190.000000 140.000000
170.000000 150.000000 140.000000
