324.000000 254.000000 156.000000
295.000000 125.000000 155.000000
285.000000 185.000000 130.000000
320.000000 298.000000 152.000000
278.000000 252.000000 125.000000
328.000000 370.000000 152.000000
255.000000 278.000000 162.000000
212.000000 142.000000 140.000000
230.000000 325.000000 155.000000
192.000000 212.000000 152.000000
298.000000 478.000000 148.000000
323.000000 510.000000 157.000000
230.000000 425.000000 155.000000
330.000000 540.000000 160.000000
118.000000 272.000000 155.000000
97.000000 357.000000 150.000000
165.000000 480.000000 162.000000
110.000000 446.000000 158.000000
77.000000 483.000000 160.000000
42.000000 430.000000 152.000000
120.000000 602.000000 155.000000
275.000000 745.000000 125.000000
207.000000 743.000000 150.000000
65.000000 620.000000 160.000000
154.000000 756.000000 79.000000
205.000000 805.000000 152.000000
160.000000 790.000000 152.000000
60.000000 760.000000 153.000000
70.000000 790.000000 154.000000
217.000000 950.000000 202.000000
