130.000000 620.000000 170.000000
210.000000 870.000000 150.000000
190.000000 950.000000 210.000000
160.000000 860.000000 160.000000
50.000000 690.000000 160.000000
310.000000 510.000000 160.000000
340.000000 520.000000 150.000000
230.000000 470.000000 140.000000
170.000000 550.000000 170.000000
50.000000 690.000000 160.000000
70.000000 400.000000 170.000000
40.000000 610.000000 160.000000
200.000000 150.000000 170.000000
60.000000 530.000000 160.000000
30.000000 370.000000 160.000000
40.000000 460.000000 160.000000
40.000000 510.000000 150.000000
280.000000 160.000000 160.000000
280.000000 250.000000 120.000000
60.000000 250.000000 160.000000
120.000000 110.000000 160.000000
40.000000 260.000000 150.000000
150.000000 210.000000 80.000000
40.000000 260.000000 150.000000
80.000000 160.000000 160.000000
180.000000 30.000000 150.000000
120.000000 60.000000 160.000000
