50.000000 270.000000 155.000000
53.000000 350.000000 150.000000
65.000000 250.000000 150.000000
63.000000 183.000000 107.000000
64.000000 152.000000 154.000000
92.000000 165.000000 160.000000
110.000000 446.000000 158.000000
130.000000 328.000000 158.000000
120.000000 190.000000 140.000000
135.000000 395.000000 170.000000
114.000000 516.000000 152.000000
44.000000 634.000000 154.000000
167.000000 260.000000 150.000000
65.000000 620.000000 160.000000
160.000000 440.000000 140.000000
127.000000 53.000000 153.000000
170.000000 150.000000 140.000000
230.000000 325.000000 155.000000
190.000000 550.000000 155.000000
235.000000 460.000000 140.000000
60.000000 760.000000 153.000000
250.000000 170.000000 155.000000
260.000000 218.000000 128.000000
278.000000 252.000000 125.000000
300.000000 400.000000 155.000000
320.000000 298.000000 152.000000
295.000000 125.000000 155.000000
320.000000 198.000000 155.000000
207.000000 743.000000 150.000000
205.000000 805.000000 152.000000
275.000000 745.000000 125.000000
140.000000 900.000000 170.000000
233.000000 840.000000 157.000000
180.000000 922.000000 182.000000
292.000000 810.000000 155.000000
