190.000000 550.000000 155.000000
180.000000 412.000000 170.000000
200.000000 480.000000 140.000000
114.000000 516.000000 152.000000
160.000000 440.000000 140.000000
298.000000 478.000000 148.000000
270.000000 440.000000 140.000000
330.000000 540.000000 160.000000
133.000000 720.000000 160.000000
305.000000 690.000000 152.000000
207.000000 743.000000 150.000000
210.000000 260.000000 160.000000
320.000000 298.000000 152.000000
50.000000 270.000000 155.000000
292.000000 756.000000 134.000000
278.000000 252.000000 125.000000
40.000000 247.000000 153.000000
90.000000 226.000000 132.000000
120.000000 190.000000 140.000000
52.000000 198.000000 153.000000
285.000000 185.000000 130.000000
73.000000 833.000000 157.000000
170.000000 150.000000 140.000000
190.000000 890.000000 160.000000
95.000000 117.000000 153.000000
160.000000 958.000000 202.000000
