210.000000 950.000000 210.000000
210.000000 870.000000 170.000000
170.000000 910.000000 190.000000
160.000000 860.000000 160.000000
150.000000 960.000000 200.000000
190.000000 850.000000 160.000000
290.000000 750.000000 130.000000
80.000000 840.000000 160.000000
80.000000 690.000000 160.000000
110.000000 510.000000 170.000000
40.000000 650.000000 150.000000
300.000000 480.000000 140.000000
130.000000 400.000000 170.000000
160.000000 210.000000 170.000000
240.000000 100.000000 160.000000
130.000000 400.000000 170.000000
170.000000 170.000000 170.000000
50.000000 430.000000 160.000000
30.000000 400.000000 150.000000
240.000000 180.000000 170.000000
280.000000 250.000000 120.000000
