40.000000 247.000000 153.000000
64.000000 152.000000 154.000000
63.000000 183.000000 107.000000
75.000000 298.000000 152.000000
120.000000 190.000000 140.000000
127.000000 53.000000 153.000000
145.000000 90.000000 155.000000
97.000000 357.000000 150.000000
130.000000 328.000000 158.000000
192.000000 212.000000 152.000000
120.000000 410.000000 140.000000
40.000000 540.000000 153.000000
253.000000 107.000000 153.000000
183.000000 410.000000 140.000000
262.000000 195.000000 115.000000
260.000000 218.000000 128.000000
230.000000 325.000000 155.000000
270.000000 185.000000 105.000000
222.000000 385.000000 140.000000
278.000000 252.000000 125.000000
210.000000 420.000000 155.000000
295.000000 125.000000 155.000000
230.000000 425.000000 155.000000
267.000000 357.000000 140.000000
312.000000 195.000000 85.000000
65.000000 620.000000 160.000000
44.000000 634.000000 154.000000
324.000000 254.000000 156.000000
188.000000 660.000000 155.000000
207.000000 743.000000 150.000000
160.000000 790.000000 152.000000
275.000000 745.000000 125.000000
110.000000 917.000000 177.000000
