340.000000 530.000000 150.000000
330.000000 720.000000 153.000000
305.000000 540.000000 140.000000
300.000000 400.000000 155.000000
275.000000 745.000000 125.000000
292.000000 810.000000 155.000000
270.000000 440.000000 140.000000
315.000000 340.000000 160.000000
267.000000 357.000000 140.000000
324.000000 254.000000 156.000000
190.000000 550.000000 155.000000
222.000000 385.000000 140.000000
278.000000 252.000000 125.000000
320.000000 198.000000 155.000000
160.000000 790.000000 152.000000
114.000000 516.000000 152.000000
180.000000 922.000000 182.000000
110.000000 446.000000 158.000000
80.000000 690.000000 150.000000
167.000000 260.000000 150.000000
73.000000 543.000000 157.000000
192.000000 212.000000 152.000000
75.000000 720.000000 155.000000
160.000000 958.000000 202.000000
118.000000 272.000000 155.000000
50.000000 270.000000 155.000000
40.000000 247.000000 153.000000
