112.000000 858.000000 154.000000
110.000000 917.000000 177.000000
44.000000 634.000000 154.000000
140.000000 900.000000 170.000000
65.000000 620.000000 160.000000
133.000000 720.000000 160.000000
160.000000 790.000000 152.000000
180.000000 853.000000 140.000000
40.000000 540.000000 153.000000
207.000000 743.000000 150.000000
42.000000 430.000000 152.000000
247.000000 607.000000 160.000000
165.000000 480.000000 162.000000
65.000000 385.000000 170.000000
305.000000 690.000000 152.000000
250.000000 530.000000 155.000000
97.000000 357.000000 150.000000
210.000000 420.000000 155.000000
230.000000 425.000000 155.000000
130.000000 328.000000 158.000000
180.000000 350.000000 155.000000
333.000000 460.000000 157.000000
90.000000 226.000000 132.000000
333.000000 430.000000 153.000000
278.000000 252.000000 125.000000
196.000000 71.000000 154.000000
295.000000 125.000000 155.000000
