127.000000 53.000000 153.000000
95.000000 117.000000 153.000000
170.000000 150.000000 140.000000
90.000000 170.000000 77.000000
85.000000 180.000000 105.000000
63.000000 183.000000 107.000000
120.000000 190.000000 140.000000
295.000000 125.000000 155.000000
192.000000 212.000000 152.000000
285.000000 185.000000 130.000000
260.000000 218.000000 128.000000
167.000000 260.000000 150.000000
118.000000 272.000000 155.000000
210.000000 260.000000 160.000000
75.000000 298.000000 152.000000
130.000000 328.000000 158.000000
97.000000 357.000000 150.000000
267.000000 357.000000 140.000000
135.000000 395.000000 170.000000
110.000000 446.000000 158.000000
165.000000 480.000000 162.000000
275.000000 745.000000 125.000000
105.000000 890.000000 165.000000
110.000000 917.000000 177.000000
