290.000000 130.000000 150.000000
230.000000 330.000000 170.000000
150.000000 120.000000 160.000000
190.000000 420.000000 170.000000
190.000000 150.000000 140.000000
230.000000 430.000000 170.000000
130.000000 620.000000 170.000000
40.000000 270.000000 160.000000
130.000000 620.000000 170.000000
90.000000 120.000000 150.000000
330.000000 490.000000 150.000000
80.000000 550.000000 170.000000
40.000000 260.000000 150.000000
190.000000 480.000000 140.000000
30.000000 370.000000 150.000000
80.000000 690.000000 160.000000
160.000000 770.000000 170.000000
40.000000 570.000000 160.000000
90.000000 820.000000 160.000000
270.000000 760.000000 120.000000
40.000000 650.000000 160.000000
90.000000 790.000000 160.000000
290.000000 820.000000 150.000000
150.000000 760.000000 80.000000
160.000000 890.000000 160.000000
110.000000 870.000000 150.000000
220.000000 960.000000 200.000000
190.000000 980.000000 210.000000
