330.000000 720.000000 153.000000
292.000000 810.000000 155.000000
340.000000 530.000000 150.000000
305.000000 540.000000 140.000000
323.000000 510.000000 157.000000
337.000000 490.000000 153.000000
217.000000 883.000000 170.000000
205.000000 805.000000 152.000000
207.000000 743.000000 150.000000
298.000000 478.000000 148.000000
190.000000 860.000000 160.000000
250.000000 530.000000 155.000000
160.000000 867.000000 160.000000
270.000000 440.000000 140.000000
120.000000 602.000000 155.000000
165.000000 480.000000 162.000000
80.000000 690.000000 150.000000
75.000000 720.000000 155.000000
73.000000 543.000000 157.000000
180.000000 350.000000 155.000000
110.000000 446.000000 158.000000
278.000000 252.000000 125.000000
320.000000 198.000000 155.000000
45.000000 512.000000 152.000000
42.000000 430.000000 152.000000
250.000000 170.000000 155.000000
118.000000 272.000000 155.000000
155.000000 215.000000 75.000000
145.000000 90.000000 155.000000
