160.000000 860.000000 160.000000
330.000000 490.000000 160.000000
280.000000 520.000000 170.000000
230.000000 490.000000 170.000000
130.000000 400.000000 170.000000
280.000000 520.000000 170.000000
230.000000 330.000000 170.000000
170.000000 400.000000 170.000000
210.000000 430.000000 140.000000
120.000000 220.000000 170.000000
340.000000 430.000000 160.000000
190.000000 390.000000 140.000000
210.000000 90.000000 160.000000
120.000000 110.000000 160.000000
280.000000 250.000000 120.000000
210.000000 90.000000 160.000000
90.000000 110.000000 160.000000
150.000000 50.000000 160.000000
