40.000000 247.000000 153.000000
50.000000 270.000000 155.000000
63.000000 183.000000 107.000000
64.000000 152.000000 154.000000
53.000000 350.000000 150.000000
92.000000 165.000000 160.000000
100.000000 225.000000 170.000000
127.000000 53.000000 153.000000
120.000000 410.000000 140.000000
145.000000 90.000000 155.000000
40.000000 540.000000 153.000000
167.000000 260.000000 150.000000
192.000000 212.000000 152.000000
180.000000 350.000000 155.000000
196.000000 71.000000 154.000000
180.000000 412.000000 170.000000
44.000000 634.000000 154.000000
65.000000 620.000000 160.000000
210.000000 420.000000 155.000000
250.000000 170.000000 155.000000
230.000000 425.000000 155.000000
278.000000 252.000000 125.000000
324.000000 254.000000 156.000000
250.000000 530.000000 155.000000
205.000000 805.000000 152.000000
275.000000 745.000000 125.000000
180.000000 853.000000 140.000000
110.000000 917.000000 177.000000
