110.000000 917.000000 177.000000
140.000000 900.000000 170.000000
73.000000 833.000000 157.000000
180.000000 922.000000 182.000000
160.000000 867.000000 160.000000
190.000000 890.000000 160.000000
70.000000 790.000000 154.000000
180.000000 853.000000 140.000000
190.000000 860.000000 160.000000
233.000000 840.000000 157.000000
80.000000 690.000000 150.000000
188.000000 660.000000 155.000000
120.000000 602.000000 155.000000
305.000000 690.000000 152.000000
165.000000 480.000000 162.000000
110.000000 446.000000 158.000000
298.000000 478.000000 148.000000
120.000000 410.000000 140.000000
97.000000 357.000000 150.000000
333.000000 430.000000 153.000000
180.000000 350.000000 155.000000
130.000000 328.000000 158.000000
75.000000 298.000000 152.000000
230.000000 325.000000 155.000000
315.000000 340.000000 160.000000
90.000000 226.000000 132.000000
