130.000000 60.000000 150.000000
230.000000 150.000000 170.000000
60.000000 190.000000 110.000000
110.000000 200.000000 70.000000
220.000000 210.000000 140.000000
160.000000 260.000000 140.000000
280.000000 120.000000 160.000000
170.000000 400.000000 170.000000
280.000000 450.000000 170.000000
130.000000 530.000000 170.000000
220.000000 240.000000 80.000000
270.000000 220.000000 130.000000
170.000000 430.000000 170.000000
280.000000 250.000000 120.000000
340.000000 260.000000 160.000000
100.000000 590.000000 170.000000
340.000000 460.000000 160.000000
320.000000 510.000000 150.000000
160.000000 810.000000 160.000000
80.000000 700.000000 80.000000
80.000000 720.000000 110.000000
90.000000 800.000000 80.000000
