127.000000 53.000000 153.000000
52.000000 198.000000 153.000000
90.000000 170.000000 77.000000
120.000000 190.000000 140.000000
65.000000 250.000000 150.000000
170.000000 150.000000 140.000000
118.000000 272.000000 155.000000
192.000000 212.000000 152.000000
253.000000 107.000000 153.000000
295.000000 125.000000 155.000000
260.000000 218.000000 128.000000
255.000000 278.000000 162.000000
278.000000 252.000000 125.000000
200.000000 385.000000 170.000000
183.000000 410.000000 140.000000
315.000000 340.000000 160.000000
165.000000 480.000000 162.000000
114.000000 516.000000 152.000000
120.000000 602.000000 155.000000
77.000000 713.000000 107.000000
275.000000 745.000000 125.000000
