110.000000 380.000000 170.000000
40.000000 240.000000 150.000000
60.000000 270.000000 150.000000
280.000000 520.000000 170.000000
300.000000 250.000000 160.000000
340.000000 330.000000 160.000000
60.000000 650.000000 150.000000
210.000000 450.000000 170.000000
170.000000 410.000000 140.000000
330.000000 570.000000 160.000000
290.000000 820.000000 160.000000
210.000000 410.000000 170.000000
340.000000 330.000000 160.000000
130.000000 840.000000 160.000000
200.000000 130.000000 140.000000
340.000000 430.000000 160.000000
320.000000 540.000000 160.000000
320.000000 270.000000 160.000000
270.000000 220.000000 130.000000
280.000000 160.000000 160.000000
280.000000 250.000000 120.000000
280.000000 790.000000 150.000000
290.000000 90.000000 150.000000
340.000000 370.000000 150.000000
130.000000 930.000000 180.000000
330.000000 200.000000 150.000000
300.000000 120.000000 160.000000
280.000000 740.000000 120.000000
320.000000 690.000000 150.000000
210.000000 950.000000 190.000000
190.000000 980.000000 210.000000
300.000000 820.000000 160.000000
