290.000000 230.000000 170.000000
220.000000 210.000000 140.000000
280.000000 290.000000 170.000000
80.000000 180.000000 160.000000
70.000000 200.000000 70.000000
90.000000 290.000000 140.000000
300.000000 220.000000 130.000000
160.000000 220.000000 70.000000
210.000000 340.000000 170.000000
250.000000 530.000000 170.000000
110.000000 450.000000 170.000000
50.000000 370.000000 150.000000
320.000000 460.000000 160.000000
110.000000 490.000000 140.000000
270.000000 910.000000 180.000000
340.000000 510.000000 160.000000
210.000000 870.000000 150.000000
140.000000 940.000000 190.000000
80.000000 760.000000 160.000000
330.000000 570.000000 160.000000
270.000000 890.000000 170.000000
40.000000 650.000000 150.000000
80.000000 720.000000 110.000000
210.000000 870.000000 150.000000
280.000000 770.000000 120.000000
210.000000 870.000000 150.000000
210.000000 870.000000 150.000000
270.000000 930.000000 180.000000
