70.000000 640.000000 160.000000
130.000000 620.000000 170.000000
280.000000 520.000000 170.000000
320.000000 730.000000 160.000000
300.000000 250.000000 160.000000
240.000000 100.000000 160.000000
130.000000 930.000000 180.000000
210.000000 940.000000 180.000000
260.000000 910.000000 170.000000
290.000000 760.000000 150.000000
210.000000 940.000000 180.000000
280.000000 740.000000 120.000000
220.000000 980.000000 210.000000
320.000000 690.000000 150.000000
280.000000 160.000000 160.000000
270.000000 200.000000 70.000000
340.000000 330.000000 160.000000
280.000000 250.000000 120.000000
270.000000 220.000000 130.000000
330.000000 300.000000 150.000000
320.000000 190.000000 150.000000
300.000000 120.000000 160.000000
