324.000000 254.000000 156.000000
315.000000 340.000000 160.000000
300.000000 400.000000 155.000000
278.000000 252.000000 125.000000
267.000000 357.000000 140.000000
295.000000 125.000000 155.000000
255.000000 278.000000 162.000000
270.000000 440.000000 140.000000
305.000000 540.000000 140.000000
253.000000 107.000000 153.000000
210.000000 420.000000 155.000000
192.000000 212.000000 152.000000
167.000000 260.000000 150.000000
247.000000 607.000000 160.000000
305.000000 690.000000 152.000000
330.000000 720.000000 153.000000
130.000000 328.000000 158.000000
118.000000 272.000000 155.000000
275.000000 745.000000 125.000000
114.000000 516.000000 152.000000
92.000000 165.000000 160.000000
75.000000 298.000000 152.000000
77.000000 483.000000 160.000000
207.000000 743.000000 150.000000
70.000000 790.000000 154.000000
