295.000000 125.000000 155.000000
253.000000 107.000000 153.000000
285.000000 185.000000 130.000000
212.000000 142.000000 140.000000
192.000000 212.000000 152.000000
155.000000 215.000000 75.000000
167.000000 260.000000 150.000000
52.000000 198.000000 153.000000
328.000000 370.000000 152.000000
130.000000 328.000000 158.000000
298.000000 478.000000 148.000000
110.000000 446.000000 158.000000
77.000000 483.000000 160.000000
247.000000 607.000000 160.000000
40.000000 540.000000 153.000000
275.000000 745.000000 125.000000
205.000000 805.000000 152.000000
180.000000 922.000000 182.000000
110.000000 917.000000 177.000000
