120.000000 910.000000 180.000000
90.000000 820.000000 160.000000
130.000000 840.000000 160.000000
190.000000 640.000000 170.000000
160.000000 860.000000 160.000000
190.000000 920.000000 190.000000
190.000000 850.000000 140.000000
220.000000 840.000000 160.000000
290.000000 690.000000 160.000000
190.000000 480.000000 170.000000
320.000000 730.000000 160.000000
190.000000 640.000000 170.000000
320.000000 650.000000 160.000000
110.000000 510.000000 170.000000
130.000000 400.000000 170.000000
300.000000 550.000000 170.000000
220.000000 260.000000 170.000000
190.000000 420.000000 170.000000
340.000000 400.000000 160.000000
170.000000 410.000000 140.000000
340.000000 540.000000 160.000000
150.000000 330.000000 140.000000
340.000000 520.000000 150.000000
330.000000 490.000000 160.000000
300.000000 250.000000 160.000000
180.000000 60.000000 160.000000
190.000000 150.000000 170.000000
320.000000 370.000000 160.000000
310.000000 160.000000 160.000000
180.000000 60.000000 160.000000
90.000000 220.000000 130.000000
280.000000 250.000000 120.000000
240.000000 60.000000 160.000000
300.000000 120.000000 160.000000
