217.000000 950.000000 202.000000
217.000000 883.000000 170.000000
180.000000 922.000000 182.000000
190.000000 890.000000 160.000000
160.000000 958.000000 202.000000
190.000000 860.000000 160.000000
292.000000 756.000000 134.000000
112.000000 858.000000 154.000000
160.000000 790.000000 152.000000
188.000000 660.000000 155.000000
80.000000 690.000000 150.000000
305.000000 540.000000 140.000000
190.000000 550.000000 155.000000
250.000000 530.000000 155.000000
298.000000 478.000000 148.000000
165.000000 480.000000 162.000000
230.000000 425.000000 155.000000
77.000000 483.000000 160.000000
42.000000 430.000000 152.000000
255.000000 278.000000 162.000000
278.000000 252.000000 125.000000
