44.000000 634.000000 154.000000
77.000000 483.000000 160.000000
65.000000 385.000000 170.000000
50.000000 270.000000 155.000000
75.000000 298.000000 152.000000
120.000000 410.000000 140.000000
130.000000 328.000000 158.000000
188.000000 660.000000 155.000000
210.000000 420.000000 155.000000
167.000000 260.000000 150.000000
235.000000 460.000000 140.000000
230.000000 325.000000 155.000000
110.000000 917.000000 177.000000
192.000000 212.000000 152.000000
205.000000 805.000000 152.000000
190.000000 860.000000 160.000000
300.000000 400.000000 155.000000
275.000000 745.000000 125.000000
233.000000 840.000000 157.000000
180.000000 922.000000 182.000000
260.000000 218.000000 128.000000
278.000000 252.000000 125.000000
305.000000 690.000000 152.000000
328.000000 370.000000 152.000000
253.000000 107.000000 153.000000
295.000000 125.000000 155.000000
