200.000000 150.000000 170.000000
50.000000 370.000000 150.000000
280.000000 270.000000 100.000000
280.000000 220.000000 130.000000
260.000000 200.000000 110.000000
90.000000 120.000000 150.000000
200.000000 760.000000 140.000000
80.000000 180.000000 160.000000
80.000000 170.000000 80.000000
160.000000 220.000000 70.000000
190.000000 350.000000 170.000000
250.000000 340.000000 170.000000
320.000000 370.000000 160.000000
270.000000 380.000000 140.000000
340.000000 460.000000 160.000000
300.000000 550.000000 170.000000
30.000000 400.000000 150.000000
130.000000 400.000000 170.000000
340.000000 460.000000 150.000000
130.000000 620.000000 170.000000
230.000000 910.000000 180.000000
80.000000 720.000000 110.000000
110.000000 930.000000 180.000000
