207.000000 150.000000 170.000000
170.000000 150.000000 140.000000
285.000000 182.000000 105.000000
285.000000 185.000000 130.000000
262.000000 195.000000 115.000000
95.000000 117.000000 153.000000
260.000000 218.000000 128.000000
92.000000 165.000000 160.000000
90.000000 170.000000 77.000000
155.000000 215.000000 75.000000
210.000000 260.000000 160.000000
255.000000 278.000000 162.000000
315.000000 340.000000 160.000000
267.000000 357.000000 140.000000
328.000000 370.000000 152.000000
300.000000 400.000000 155.000000
53.000000 350.000000 150.000000
135.000000 395.000000 170.000000
333.000000 430.000000 153.000000
165.000000 480.000000 162.000000
247.000000 607.000000 160.000000
77.000000 713.000000 107.000000
110.000000 917.000000 177.000000
