22.000000 31.000000 42.000000
38.000000 31.000000 32.000000
49.000000 49.000000 50.000000
51.000000 40.000000 43.000000
45.000000 14.000000 11.000000
50.000000 53.000000 42.000000
49.000000 29.000000 22.000000
51.000000 50.000000 39.000000
51.000000 52.000000 40.000000
51.000000 33.000000 28.000000
51.000000 52.000000 39.000000
52.000000 49.000000 50.000000
51.000000 53.000000 37.000000
52.000000 51.000000 42.000000
52.000000 51.000000 40.000000
52.000000 44.000000 32.000000
52.000000 53.000000 43.000000
49.000000 22.000000 15.000000
46.000000 10.000000 7.000000
52.000000 29.000000 22.000000
51.000000 27.000000 17.000000
54.000000 19.000000 39.000000
51.000000 22.000000 17.000000
51.000000 20.000000 15.000000
50.000000 14.000000 11.000000
50.000000 11.000000 10.000000
51.000000 14.000000 11.000000
54.000000 33.000000 16.000000
51.000000 11.000000 9.000000
68.000000 42.000000 40.000000
