18.000000 23.000000 7.000000
31.000000 80.000000 6.000000
8.000000 80.000000 9.000000
7.000000 77.000000 7.000000
10.000000 80.000000 6.000000
6.000000 80.000000 8.000000
15.000000 23.000000 8.000000
11.000000 26.000000 4.000000
6.000000 77.000000 3.000000
18.000000 77.000000 8.000000
8.000000 70.000000 8.000000
15.000000 23.000000 8.000000
22.000000 75.000000 7.000000
6.000000 72.000000 10.000000
34.000000 51.000000 16.000000
7.000000 24.000000 12.000000
32.000000 25.000000 12.000000
6.000000 43.000000 14.000000
32.000000 25.000000 12.000000
18.000000 23.000000 7.000000
4.000000 27.000000 16.000000
7.000000 23.000000 10.000000
7.000000 23.000000 10.000000
