19.000000 131.000000 14.000000
30.000000 93.000000 8.000000
10.000000 92.000000 10.000000
8.000000 87.000000 8.000000
11.000000 86.000000 7.000000
6.000000 85.000000 9.000000
17.000000 82.000000 11.000000
14.000000 81.000000 9.000000
6.000000 81.000000 3.000000
19.000000 79.000000 9.000000
9.000000 79.000000 8.000000
16.000000 76.000000 11.000000
22.000000 76.000000 6.000000
7.000000 72.000000 10.000000
35.000000 52.000000 15.000000
9.000000 51.000000 14.000000
31.000000 46.000000 13.000000
6.000000 44.000000 13.000000
31.000000 40.000000 13.000000
19.000000 34.000000 8.000000
5.000000 28.000000 15.000000
8.000000 23.000000 11.000000
7.000000 23.000000 11.000000
