226.000000 419.000000 467.000000 1.000000
644.000000 399.000000 361.000000 1.000000
500.000000 347.000000 234.000000 1.000000
552.000000 368.000000 278.000000 1.000000
472.000000 449.000000 305.000000 1.000000
496.000000 206.000000 132.000000 1.000000
496.000000 134.000000 95.000000 1.000000
536.000000 448.000000 301.000000 1.000000
520.000000 287.000000 183.000000 1.000000
515.000000 218.000000 148.000000 1.000000
153.000000 202.000000 435.000000 1.000000
521.000000 551.000000 431.000000 1.000000
492.000000 67.000000 52.000000 1.000000
491.000000 543.000000 442.000000 1.000000
464.000000 312.000000 202.000000 1.000000
361.000000 389.000000 358.000000 1.000000
499.000000 394.000000 258.000000 1.000000
461.000000 401.000000 170.000000 1.000000
778.000000 398.000000 470.000000 1.000000
457.000000 349.000000 171.000000 1.000000
498.000000 176.000000 115.000000 1.000000
509.000000 531.000000 405.000000 1.000000
505.000000 573.000000 415.000000 1.000000
545.000000 366.000000 123.000000 1.000000
527.000000 317.000000 204.000000 1.000000
496.000000 105.000000 78.000000 1.000000
502.000000 249.000000 167.000000 1.000000
499.000000 155.000000 111.000000 1.000000
492.000000 211.000000 159.000000 1.000000
508.000000 506.000000 372.000000 1.000000
506.000000 184.000000 135.000000 1.000000
530.000000 528.000000 456.000000 1.000000
852.000000 190.000000 456.000000 1.000000
540.000000 322.000000 153.000000 1.000000
492.000000 493.000000 483.000000 1.000000
508.000000 501.000000 333.000000 1.000000
506.000000 602.000000 391.000000 1.000000
493.000000 279.000000 200.000000 1.000000
