534.000000 754.000000 167.000000
607.000000 730.000000 112.000000
602.000000 701.000000 200.000000
513.000000 690.000000 415.000000
582.000000 691.000000 336.000000
299.000000 591.000000 305.000000
418.000000 613.000000 411.000000
779.000000 821.000000 83.000000
518.000000 603.000000 408.000000
628.000000 619.000000 293.000000
652.000000 607.000000 177.000000
291.000000 494.000000 304.000000
369.000000 448.000000 358.000000
418.000000 344.000000 416.000000
495.000000 353.000000 417.000000
472.000000 273.000000 389.000000
464.000000 225.000000 108.000000
