350.000000 286.000000 261.000000
406.000000 259.000000 342.000000
464.000000 225.000000 108.000000
306.000000 326.000000 180.000000
408.000000 282.000000 402.000000
519.000000 266.000000 317.000000
251.000000 375.000000 111.000000
418.000000 344.000000 416.000000
695.000000 151.000000 92.000000
226.000000 479.000000 118.000000
291.000000 494.000000 304.000000
342.000000 495.000000 90.000000
299.000000 591.000000 305.000000
517.000000 566.000000 90.000000
518.000000 603.000000 408.000000
851.000000 457.000000 75.000000
513.000000 690.000000 415.000000
607.000000 730.000000 112.000000
