310.000000 368.000000 306.000000 1.000000
851.000000 457.000000 75.000000 1.000000
428.000000 253.000000 216.000000 1.000000
550.000000 765.000000 112.000000 1.000000
290.000000 489.000000 310.000000 1.000000
694.000000 530.000000 114.000000 1.000000
520.000000 589.000000 420.000000 1.000000
306.000000 326.000000 180.000000 1.000000
599.000000 829.000000 96.000000 1.000000
323.000000 94.000000 103.000000 1.000000
530.000000 649.000000 430.000000 1.000000
801.000000 810.000000 80.000000 1.000000
661.000000 599.000000 180.000000 1.000000
487.000000 524.000000 422.000000 1.000000
366.000000 328.000000 375.000000 1.000000
656.000000 392.000000 118.000000 1.000000
519.000000 266.000000 317.000000 1.000000
75.000000 417.000000 98.000000 1.000000
590.000000 679.000000 340.000000 1.000000
493.000000 755.000000 237.000000 1.000000
406.000000 259.000000 342.000000 1.000000
263.000000 446.000000 209.000000 1.000000
695.000000 457.000000 114.000000 1.000000
275.000000 666.000000 138.000000 1.000000
350.000000 286.000000 261.000000 1.000000
290.000000 549.000000 310.000000 1.000000
226.000000 479.000000 118.000000 1.000000
495.000000 746.000000 309.000000 1.000000
621.000000 679.000000 200.000000 1.000000
470.000000 159.000000 100.000000 1.000000
450.000000 777.000000 119.000000 1.000000
204.000000 824.000000 84.000000 1.000000
512.000000 736.000000 372.000000 1.000000
486.000000 424.000000 424.000000 1.000000
420.000000 412.000000 416.000000 1.000000
314.000000 294.000000 103.000000 1.000000
356.000000 751.000000 137.000000 1.000000
370.000000 389.000000 370.000000 1.000000
680.000000 479.000000 100.000000 1.000000
342.000000 495.000000 90.000000 1.000000
408.000000 282.000000 402.000000 1.000000
650.000000 497.000000 221.000000 1.000000
520.000000 293.000000 399.000000 1.000000
681.000000 603.000000 113.000000 1.000000
483.000000 860.000000 87.000000 1.000000
517.000000 566.000000 90.000000 1.000000
532.000000 439.000000 365.000000 1.000000
420.000000 505.000000 414.000000 1.000000
274.000000 195.000000 91.000000 1.000000
702.000000 764.000000 90.000000 1.000000
662.000000 897.000000 78.000000 1.000000
156.000000 204.000000 98.000000 1.000000
547.000000 247.000000 103.000000 1.000000
430.000000 539.000000 440.000000 1.000000
247.000000 564.000000 146.000000 1.000000
500.000000 319.000000 430.000000 1.000000
350.000000 703.000000 303.000000 1.000000
408.000000 709.000000 402.000000 1.000000
529.000000 264.000000 192.000000 1.000000
587.000000 535.000000 338.000000 1.000000
695.000000 151.000000 92.000000 1.000000
537.000000 950.000000 51.000000 1.000000
95.000000 626.000000 92.000000 1.000000
480.000000 259.000000 390.000000 1.000000
668.000000 304.000000 99.000000 1.000000
622.000000 416.000000 282.000000 1.000000
379.000000 250.000000 112.000000 1.000000
640.000000 589.000000 300.000000 1.000000
251.000000 375.000000 111.000000 1.000000
621.000000 719.000000 110.000000 1.000000
606.000000 326.000000 182.000000 1.000000
827.000000 652.000000 77.000000 1.000000
637.000000 680.000000 120.000000 1.000000
682.000000 661.000000 106.000000 1.000000
359.000000 916.000000 58.000000 1.000000
420.000000 319.000000 420.000000 1.000000
523.000000 73.000000 104.000000 1.000000
573.000000 341.000000 330.000000 1.000000
