590.000000 810.000000 90.000000
610.000000 710.000000 100.000000
510.000000 360.000000 430.000000
620.000000 470.000000 310.000000
650.000000 70.000000 100.000000
320.000000 680.000000 310.000000
500.000000 530.000000 430.000000
400.000000 570.000000 430.000000
650.000000 470.000000 220.000000
480.000000 500.000000 430.000000
500.000000 280.000000 400.000000
240.000000 560.000000 140.000000
330.000000 470.000000 90.000000
290.000000 490.000000 310.000000
570.000000 300.000000 330.000000
70.000000 610.000000 90.000000
410.000000 320.000000 420.000000
460.000000 200.000000 100.000000
