306.000000 326.000000 180.000000
428.000000 253.000000 216.000000
523.000000 73.000000 104.000000
464.000000 225.000000 108.000000
310.000000 368.000000 306.000000
408.000000 282.000000 402.000000
251.000000 375.000000 111.000000
366.000000 328.000000 375.000000
472.000000 273.000000 389.000000
519.000000 266.000000 317.000000
226.000000 479.000000 118.000000
247.000000 564.000000 146.000000
517.000000 566.000000 90.000000
418.000000 613.000000 411.000000
587.000000 535.000000 338.000000
518.000000 603.000000 408.000000
350.000000 703.000000 303.000000
408.000000 709.000000 402.000000
851.000000 457.000000 75.000000
