668.000000 304.000000 99.000000
622.000000 416.000000 282.000000
606.000000 326.000000 182.000000
682.000000 661.000000 106.000000
587.000000 535.000000 338.000000
532.000000 439.000000 365.000000
602.000000 701.000000 200.000000
582.000000 691.000000 336.000000
518.000000 603.000000 408.000000
486.000000 424.000000 424.000000
487.000000 524.000000 422.000000
472.000000 273.000000 389.000000
599.000000 829.000000 96.000000
662.000000 897.000000 78.000000
406.000000 259.000000 342.000000
291.000000 494.000000 304.000000
251.000000 375.000000 111.000000
247.000000 564.000000 146.000000
