306.000000 326.000000 180.000000
263.000000 446.000000 209.000000
310.000000 368.000000 306.000000
226.000000 479.000000 118.000000
291.000000 494.000000 304.000000
366.000000 328.000000 375.000000
406.000000 259.000000 342.000000
299.000000 591.000000 305.000000
464.000000 225.000000 108.000000
420.000000 412.000000 416.000000
420.000000 505.000000 414.000000
523.000000 73.000000 104.000000
487.000000 524.000000 422.000000
517.000000 566.000000 90.000000
587.000000 535.000000 338.000000
450.000000 777.000000 119.000000
495.000000 746.000000 309.000000
607.000000 730.000000 112.000000
