310 350 309
850 440 79
440 250 209
550 770 109
290 490 309
690 530 109
520 590 419
310 320 189
580 820 99
360 80 109
510 690 429
780 840 79
660 600 179
500 530 429
370 330 379
660 390 119
510 260 329
70 420 99
590 700 329
500 760 229
400 260 349
260 440 199
690 460 109
280 670 139
360 280 259
300 590 319
240 480 109
500 750 319
600 710 179
470 230 99
460 780 119
190 830 79
510 740 369
480 420 429
430 410 419
310 290 109
350 750 139
380 440 359
530 760 159
340 520 89
400 280 409
660 510 209
520 290 399
680 600 109
490 880 89
530 580 89
520 440 369
410 510 429
260 180 89
680 780 89
630 910 79
140 230 99
550 250 99
400 610 419
250 560 139
480 360 419
350 710 319
410 720 409
530 260 179
590 540 339
700 160 89
540 940 49
110 640 89
460 270 389
660 300 99
630 410 269
380 250 109
630 630 279
260 370 109
600 730 119
600 320 189
820 620 69
640 680 119
680 670 109
350 890 59
420 340 429
540 70 99
580 340 339
