851.000000 457.000000 75.000000
628.000000 619.000000 293.000000
650.000000 497.000000 221.000000
622.000000 416.000000 282.000000
827.000000 652.000000 77.000000
532.000000 439.000000 365.000000
682.000000 661.000000 106.000000
602.000000 701.000000 200.000000
606.000000 326.000000 182.000000
668.000000 304.000000 99.000000
695.000000 151.000000 92.000000
517.000000 566.000000 90.000000
599.000000 829.000000 96.000000
662.000000 897.000000 78.000000
406.000000 259.000000 342.000000
450.000000 777.000000 119.000000
483.000000 860.000000 87.000000
342.000000 495.000000 90.000000
263.000000 446.000000 209.000000
314.000000 294.000000 103.000000
359.000000 916.000000 58.000000
323.000000 94.000000 103.000000
156.000000 204.000000 98.000000
