226.000000 479.000000 118.000000
247.000000 564.000000 146.000000
251.000000 375.000000 111.000000
291.000000 494.000000 304.000000
275.000000 666.000000 138.000000
306.000000 326.000000 180.000000
204.000000 824.000000 84.000000
350.000000 286.000000 261.000000
420.000000 505.000000 414.000000
418.000000 613.000000 411.000000
406.000000 259.000000 342.000000
428.000000 253.000000 216.000000
487.000000 524.000000 422.000000
495.000000 746.000000 309.000000
587.000000 535.000000 338.000000
523.000000 73.000000 104.000000
702.000000 764.000000 90.000000
