95.000000 626.000000 92.000000
226.000000 479.000000 118.000000
263.000000 446.000000 209.000000
251.000000 375.000000 111.000000
247.000000 564.000000 146.000000
350.000000 286.000000 261.000000
275.000000 666.000000 138.000000
369.000000 448.000000 358.000000
406.000000 259.000000 342.000000
204.000000 824.000000 84.000000
350.000000 703.000000 303.000000
420.000000 412.000000 416.000000
420.000000 505.000000 414.000000
472.000000 273.000000 389.000000
408.000000 709.000000 402.000000
487.000000 524.000000 422.000000
450.000000 777.000000 119.000000
495.000000 746.000000 309.000000
523.000000 73.000000 104.000000
607.000000 730.000000 112.000000
