420.000000 412.000000 416.000000
532.000000 439.000000 365.000000
587.000000 535.000000 338.000000
408.000000 709.000000 402.000000
573.000000 341.000000 330.000000
622.000000 416.000000 282.000000
628.000000 619.000000 293.000000
650.000000 497.000000 221.000000
263.000000 446.000000 209.000000
428.000000 253.000000 216.000000
517.000000 566.000000 90.000000
251.000000 375.000000 111.000000
668.000000 304.000000 99.000000
599.000000 829.000000 96.000000
483.000000 860.000000 87.000000
95.000000 626.000000 92.000000
827.000000 652.000000 77.000000
851.000000 457.000000 75.000000
156.000000 204.000000 98.000000
359.000000 916.000000 58.000000
