694.000000 530.000000 114.000000
682.000000 661.000000 106.000000
652.000000 607.000000 177.000000
628.000000 619.000000 293.000000
607.000000 730.000000 112.000000
582.000000 691.000000 336.000000
668.000000 304.000000 99.000000
606.000000 326.000000 182.000000
518.000000 603.000000 408.000000
532.000000 439.000000 365.000000
495.000000 746.000000 309.000000
487.000000 524.000000 422.000000
486.000000 424.000000 424.000000
495.000000 353.000000 417.000000
418.000000 613.000000 411.000000
428.000000 253.000000 216.000000
291.000000 494.000000 304.000000
247.000000 564.000000 146.000000
251.000000 375.000000 111.000000
