660.000000 300.000000 100.000000
300.000000 690.000000 200.000000
80.000000 350.000000 100.000000
420.000000 250.000000 180.000000
680.000000 670.000000 110.000000
520.000000 440.000000 370.000000
420.000000 360.000000 440.000000
480.000000 420.000000 430.000000
570.000000 710.000000 340.000000
420.000000 670.000000 440.000000
390.000000 260.000000 350.000000
570.000000 860.000000 90.000000
640.000000 950.000000 60.000000
230.000000 290.000000 90.000000
240.000000 560.000000 140.000000
60.000000 510.000000 90.000000
