490.000000 770.000000 100.000000
650.000000 470.000000 190.000000
540.000000 70.000000 100.000000
470.000000 230.000000 100.000000
460.000000 740.000000 380.000000
420.000000 290.000000 410.000000
250.000000 390.000000 110.000000
370.000000 330.000000 380.000000
520.000000 320.000000 410.000000
570.000000 300.000000 330.000000
230.000000 500.000000 110.000000
250.000000 580.000000 140.000000
530.000000 580.000000 90.000000
440.000000 660.000000 420.000000
590.000000 540.000000 340.000000
530.000000 630.000000 420.000000
360.000000 730.000000 300.000000
410.000000 720.000000 410.000000
890.000000 480.000000 70.000000
