620.000000 700.000000 130.000000
700.000000 160.000000 90.000000
480.000000 340.000000 420.000000
310.000000 310.000000 90.000000
610.000000 340.000000 180.000000
250.000000 480.000000 160.000000
410.000000 370.000000 430.000000
250.000000 390.000000 110.000000
420.000000 460.000000 440.000000
490.000000 460.000000 440.000000
340.000000 520.000000 90.000000
410.000000 590.000000 440.000000
490.000000 570.000000 430.000000
590.000000 540.000000 340.000000
530.000000 690.000000 430.000000
410.000000 710.000000 430.000000
280.000000 670.000000 140.000000
520.000000 710.000000 420.000000
410.000000 720.000000 410.000000
620.000000 790.000000 100.000000
850.000000 710.000000 70.000000
550.000000 770.000000 110.000000
