70.000000 420.000000 100.000000
680.000000 580.000000 100.000000
260.000000 390.000000 100.000000
560.000000 560.000000 360.000000
370.000000 330.000000 380.000000
240.000000 500.000000 110.000000
470.000000 230.000000 100.000000
390.000000 470.000000 370.000000
250.000000 580.000000 140.000000
490.000000 460.000000 440.000000
540.000000 70.000000 100.000000
510.000000 360.000000 430.000000
500.000000 530.000000 430.000000
530.000000 580.000000 90.000000
590.000000 540.000000 340.000000
230.000000 910.000000 60.000000
460.000000 780.000000 120.000000
