480.000000 760.000000 290.000000
450.000000 360.000000 380.000000
470.000000 230.000000 100.000000
350.000000 740.000000 110.000000
420.000000 320.000000 420.000000
580.000000 340.000000 340.000000
250.000000 390.000000 110.000000
430.000000 360.000000 420.000000
700.000000 160.000000 90.000000
230.000000 500.000000 110.000000
290.000000 550.000000 310.000000
340.000000 520.000000 90.000000
300.000000 630.000000 310.000000
530.000000 580.000000 90.000000
530.000000 630.000000 420.000000
890.000000 480.000000 70.000000
520.000000 710.000000 420.000000
700.000000 920.000000 80.000000
