682.000000 661.000000 106.000000
652.000000 607.000000 177.000000
534.000000 754.000000 167.000000
493.000000 755.000000 237.000000
518.000000 603.000000 408.000000
487.000000 524.000000 422.000000
532.000000 439.000000 365.000000
668.000000 304.000000 99.000000
573.000000 341.000000 330.000000
486.000000 424.000000 424.000000
495.000000 353.000000 417.000000
291.000000 494.000000 304.000000
247.000000 564.000000 146.000000
251.000000 375.000000 111.000000
314.000000 294.000000 103.000000
274.000000 195.000000 91.000000
