690.000000 530.000000 110.000000
640.000000 670.000000 90.000000
220.000000 610.000000 100.000000
310.000000 630.000000 340.000000
590.000000 740.000000 110.000000
390.000000 730.000000 380.000000
660.000000 300.000000 100.000000
500.000000 250.000000 170.000000
490.000000 600.000000 410.000000
520.000000 440.000000 370.000000
460.000000 750.000000 310.000000
420.000000 510.000000 450.000000
480.000000 420.000000 430.000000
480.000000 340.000000 420.000000
400.000000 610.000000 420.000000
410.000000 250.000000 220.000000
290.000000 490.000000 310.000000
240.000000 560.000000 140.000000
90.000000 330.000000 90.000000
