328.000000 335.000000 158.000000 1.000000
142.000000 225.000000 77.000000 1.000000
267.000000 225.000000 53.000000 1.000000
104.000000 794.000000 68.000000 1.000000
313.000000 244.000000 110.000000 1.000000
70.000000 769.000000 60.000000 1.000000
105.000000 725.000000 50.000000 1.000000
308.000000 786.000000 82.000000 1.000000
66.000000 728.000000 44.000000 1.000000
308.000000 221.000000 38.000000 1.000000
267.000000 736.000000 50.000000 1.000000
307.000000 270.000000 84.000000 1.000000
189.000000 148.000000 154.000000 1.000000
103.000000 738.000000 126.000000 1.000000
224.000000 620.000000 158.000000 1.000000
104.000000 191.000000 55.000000 1.000000
309.000000 188.000000 56.000000 1.000000
55.000000 212.000000 156.000000 1.000000
60.000000 749.000000 130.000000 1.000000
75.000000 810.000000 155.000000 1.000000
269.000000 264.000000 66.000000 1.000000
70.000000 709.000000 110.000000 1.000000
65.000000 257.000000 94.000000 1.000000
269.000000 183.000000 76.000000 1.000000
68.000000 227.000000 119.000000 1.000000
315.000000 467.000000 154.000000 1.000000
66.000000 208.000000 42.000000 1.000000
67.000000 253.000000 52.000000 1.000000
311.000000 749.000000 130.000000 1.000000
312.000000 388.000000 155.000000 1.000000
260.000000 279.000000 170.000000 1.000000
319.000000 249.000000 159.000000 1.000000
80.000000 399.000000 155.000000 1.000000
220.000000 224.000000 79.000000 1.000000
266.000000 225.000000 82.000000 1.000000
103.000000 264.000000 77.000000 1.000000
91.000000 127.000000 154.000000 1.000000
104.000000 198.000000 111.000000 1.000000
270.000000 263.000000 99.000000 1.000000
269.000000 242.000000 119.000000 1.000000
191.000000 871.000000 157.000000 1.000000
211.000000 939.000000 200.000000 1.000000
283.000000 127.000000 153.000000 1.000000
309.000000 208.000000 135.000000 1.000000
266.000000 204.000000 119.000000 1.000000
109.000000 717.000000 96.000000 1.000000
66.000000 768.000000 41.000000 1.000000
319.000000 563.000000 154.000000 1.000000
307.000000 721.000000 81.000000 1.000000
68.000000 708.000000 75.000000 1.000000
61.000000 707.000000 153.000000 1.000000
191.000000 789.000000 152.000000 1.000000
186.000000 222.000000 80.000000 1.000000
58.000000 300.000000 155.000000 1.000000
308.000000 755.000000 41.000000 1.000000
102.000000 755.000000 77.000000 1.000000
106.000000 240.000000 42.000000 1.000000
105.000000 777.000000 106.000000 1.000000
66.000000 745.000000 84.000000 1.000000
309.000000 254.000000 48.000000 1.000000
230.000000 294.000000 159.000000 1.000000
65.000000 190.000000 87.000000 1.000000
269.000000 245.000000 35.000000 1.000000
315.000000 688.000000 153.000000 1.000000
186.000000 47.000000 154.000000 1.000000
191.000000 394.000000 154.000000 1.000000
271.000000 786.000000 51.000000 1.000000
106.000000 768.000000 39.000000 1.000000
268.000000 203.000000 37.000000 1.000000
312.000000 249.000000 80.000000 1.000000
187.000000 756.000000 79.000000 1.000000
302.000000 217.000000 84.000000 1.000000
64.000000 506.000000 155.000000 1.000000
276.000000 861.000000 160.000000 1.000000
119.000000 898.000000 171.000000 1.000000
60.000000 529.000000 160.000000 1.000000
271.000000 728.000000 103.000000 1.000000
330.000000 288.000000 150.000000 1.000000
67.000000 787.000000 96.000000 1.000000
107.000000 246.000000 114.000000 1.000000
167.000000 244.000000 159.000000 1.000000
309.000000 185.000000 97.000000 1.000000
90.000000 222.000000 78.000000 1.000000
272.000000 325.000000 155.000000 1.000000
280.000000 519.000000 170.000000 1.000000
268.000000 779.000000 100.000000 1.000000
