320 340 149
150 230 79
270 220 49
100 800 69
310 250 109
70 800 59
110 730 49
310 780 79
60 730 39
310 220 29
260 740 49
310 270 79
190 150 139
100 740 119
240 620 139
110 190 59
310 180 59
50 210 159
60 760 119
80 820 149
270 270 69
80 720 109
60 260 89
270 180 79
60 230 119
320 460 159
60 210 39
70 260 49
300 760 129
320 370 159
210 480 139
320 250 149
70 400 169
220 220 79
270 220 79
100 270 79
90 120 149
110 200 109
270 270 99
270 240 119
190 870 159
190 960 199
290 130 149
310 220 129
270 200 119
110 720 99
60 770 39
330 570 149
310 720 79
60 710 79
70 720 159
190 800 139
190 220 79
40 300 159
310 760 49
100 760 79
110 240 39
110 780 109
70 740 79
310 260 49
240 270 169
60 190 89
270 250 39
320 690 149
190 40 149
190 390 139
280 790 49
110 770 39
270 200 29
310 250 79
190 760 79
300 220 79
50 510 159
260 870 159
120 910 179
60 600 159
270 720 109
330 300 149
60 790 99
110 250 109
170 240 139
310 180 99
90 220 79
260 310 139
220 720 139
260 780 99
