210.000000 497.000000 156.000000
224.000000 620.000000 158.000000
80.000000 399.000000 155.000000
230.000000 294.000000 159.000000
328.000000 335.000000 158.000000
315.000000 688.000000 153.000000
61.000000 707.000000 153.000000
167.000000 244.000000 159.000000
330.000000 288.000000 150.000000
103.000000 738.000000 126.000000
319.000000 249.000000 159.000000
191.000000 789.000000 152.000000
68.000000 708.000000 75.000000
55.000000 212.000000 156.000000
68.000000 227.000000 119.000000
75.000000 810.000000 155.000000
309.000000 208.000000 135.000000
142.000000 225.000000 77.000000
189.000000 148.000000 154.000000
283.000000 127.000000 153.000000
91.000000 127.000000 154.000000
119.000000 898.000000 171.000000
198.000000 949.000000 197.000000
