319.000000 563.000000 154.000000
315.000000 467.000000 154.000000
328.000000 335.000000 158.000000
330.000000 288.000000 150.000000
309.000000 208.000000 135.000000
210.000000 497.000000 156.000000
230.000000 294.000000 159.000000
211.000000 714.000000 156.000000
276.000000 861.000000 160.000000
191.000000 789.000000 152.000000
167.000000 244.000000 159.000000
64.000000 506.000000 155.000000
103.000000 738.000000 126.000000
67.000000 609.000000 154.000000
75.000000 810.000000 155.000000
55.000000 212.000000 156.000000
