100.000000 590.000000 170.000000
130.000000 450.000000 170.000000
170.000000 280.000000 170.000000
80.000000 160.000000 160.000000
230.000000 150.000000 140.000000
40.000000 490.000000 160.000000
80.000000 230.000000 170.000000
80.000000 760.000000 160.000000
260.000000 870.000000 160.000000
80.000000 840.000000 160.000000
50.000000 190.000000 160.000000
50.000000 510.000000 160.000000
80.000000 750.000000 130.000000
40.000000 610.000000 150.000000
60.000000 820.000000 160.000000
50.000000 210.000000 160.000000
